302161279,303000923
307582979,307994872
17445373,18067236
18815293,19127472
37612494,37895609
11740694,12267006
47076112,47309740
19490247,19722312
46025378,46365719
34273784,34440295
41094283,41262840
32250111,32402701
48780389,49129034
12429392,12722136
14148669,14489691
11869204,12167798
18897233,19175802
70394213,70569504
72899095,73149831
61402093,61529161
83725769,83871703
45030085,45198483
77812889,78109344
56024376,56202669
118628151,119272333
57764244,57894011
7387227,7613972
8979249,9218259
20340879,20478761
22645745,22809886
7606087,7791792
10460432,10908240
28052336,29912062
30911528,33149083
29374630,29621264
44495083,44658019
48621476,48878607
7483951,7806260
14426685,14648309
15701223,15914070
10142192,10483809
20111018,20403406
32792586,32949882
33758409,33876780
31215010,31349070
23063393,26703686
34667269,34858633
40930652,41077288
47722932,47881803
57727097,57971689
48900397,49090326
10907441,18927250
18746341,18916037
38948788,39086320
45140383,45375106
27777157,27899401
48826804,48961785
60559782,61112527
6914367,7296505
24671201,24900619
23548140,23707182
36067412,38034173
37814529,40313732
41544017,41693469
49592961,49746977
52899269,53025007
50915052,51039392
15506802,15802758
28852738,28994708
28488941,28614134
37882674,38037843
51322855,51466029
59218148,59391199
74181544,74319294
73730550,73842642
71267017,71492762
19020513,19252254
29076224,30418569
25705483,25943385
32882352,33104722
45799416,45972666
45388131,45508533
58137743,58303582
48789227,48915381
61182837,61431171
10111518,10447119
85030052,85241034
78985311,79106871
89016001,89153989
93146520,93298309
97897599,98023966
101601573,101745933
117947452,118082226
109852840,109992384
111208998,111329518
24485888,24657170
29728820,30019439
29861133,30063285
11595053,11943804
6090756,6293275
18576222,19096734
20165111,20877781
15112511,15255592
23471772,23616026
19393721,19578029
14932082,15187340
18453580,18735133
18415768,18565739
27290144,27844542
52295573,52470883
44525997,44650808
40212820,40337566
32591614,32811084
36242405,36453796
116140988,116812947
78269551,78751192
6775547,6988326
10139394,10331720
11804953,12099606
7300531,7508310
5762633,5977209
6609460,6824423
6293901,6487888
6254491,6501295
8936262,9103526
16318218,16514755
34419002,34642884
27191671,27368802
63909835,64078279
60134929,60245738
61058830,61175889
59279180,59382105
68089330,68216035
12031194,12640285
19450736,19638214
20235261,20487175
10335895,10521398
11529925,11709909
37116200,37293085
15572191,15721609
16670542,16789668
46717734,47253277
6101300,6284665
9313892,9603972
8992492,9183618
11517652,11724406
12933068,13224252
18375467,18584471
30420434,30678858
7115984,7445636
6113536,6286706
6096298,6279596
8204695,8484237
18351560,19526725
6820260,7054235
12554498,26479361
8996294,9205560
10082181,10474434
39229268,39381360
10245086,10446334
16844068,17137371
76741389,77416736
15683089,15836270
26370959,26490365
20813071,20947457
22453399,22572348
39588263,39832625
5949448,6149848
7962066,8132885
5412579,5612350
7176608,7389102
21253800,21464211
26937055,27119723
30395212,30568013
37841996,38093800
31219798,31398792
35322176,35616902
9101614,9289073
15005948,15155738
9882651,9998849
19888531,20008514
20689232,20816059
20718930,20842239
35923410,36135510
32992883,33123340
35586608,35694853
8041487,8312082
42284583,49673449
25511317,25657474
47143694,47299788
56989847,57145652
58951519,59081845
55327043,55453006
58683258,58885018
61831472,62015693
6510561,6742629
31543288,31707808
34432659,34583473
44754362,44900584
86269447,86887777
66546581,66767279
59393856,59575350
73812218,73987490
82783534,82997987
23738169,23893674
18828632,19110135
6339564,6659080
11788144,12890701
28619329,28875484
31746189,37045336
23441604,23563245
41701615,44044951
35956752,40289595
34710586,34827223
20256894,20566523
7306794,7610382
6182727,6378099
50799054,50986764
50736965,50931424
56267657,56393055
52897349,53042521
60363928,60595611
58200623,58343628
60593923,60732642
58668055,58793166
37794629,37907123
9091017,9401472
19393290,19565887
28367506,28571152
52926874,53156167
64368447,64527730
68343377,68456991
72871923,73024364
14998334,15186980
90168967,90424261
89672504,89936539
87254292,87474790
6018557,6211538
12514717,12698319
6216705,6461710
9646306,9833386
18747842,18959401
16547462,17869665
21285162,21415405
21409850,21860510
19437707,19587270
29868273,30122323
12567975,12671059
27813640,28681256
9612652,9833157
5504966,5776669
5411808,5592900
5619587,5814297
6860010,7048972
12461450,12768333
12803253,13037368
9214910,9333370
12341026,12606374
10298299,10423393
11461975,12855874
11898413,12078601
29309234,38888642
9938291,10155527
10102688,10235936
11594537,12104587
59324350,59582250
66052109,66165816
78357186,78806203
60636080,60751599
48733918,48883683
30671135,30777269
52815583,53092873
14690461,14919943
17733233,17946655
28551839,29122583
51517007,52831007
44745812,46543769
45485861,48248336
56297116,56476059
55454692,55620997
43637159,63752055
66763325,66993149
13066620,13249185
14973585,15246548
6791832,7038322
12411605,12616306
17557336,17726754
10228778,10370260
15135578,15266556
5744775,5928954
27135390,27371298
5556430,5751091
17259268,17561469
6908979,7085584
5625249,5785075
5239619,5349730
30137972,30246304
31922938,32144405
5345809,5466038
11124237,11251512
10936234,11202894
5407098,5583398
7967466,8187737
10466284,10612173
5754507,6050916
27451006,27572562
28334724,28429531
33474835,33976993
27975809,28142008
27920877,28062239
43337562,43483784
48415796,49067672
47677262,48495535
13142754,13263599
20102588,20215153
6401594,6686254
5643076,5822714
6145100,6343279
25381393,26782292
24500012,27780128
23179320,23392153
52429593,52671305
61803409,61905344
56929071,57037346
70031766,70225353
70163458,71088763
39861915,40219753
8785960,9136949
20399391,20606225
9518244,9756126
6190590,6406384
10616929,10746935
14049835,14273519
18867074,19038755
16868064,17031072
21954574,22174837
25876830,26142021
5943577,6161761
10627686,10823882
9062498,9261838
17354034,17630081
7507768,8919268
6353125,6622197
6757855,7047051
21128684,21260052
21164849,21301135
34476613,34748557
42829370,48324789
42208048,42519886
48723602,48983144
32731573,32916494
41074415,41197965
10374851,10700764
13618094,13914056
6114017,6326454
21890087,22116243
6778240,6998839
12719607,12980540
7581566,7783337
18915197,19217941
24655951,24766997
31185725,31396632
6882007,7144490
5801452,5976654
9152522,9289403
10344476,10454142
8458205,8701905
5063176,5166821
11524452,11633477
18574191,18685582
12525355,12787070
5853890,6137908
6641425,6742144
14624904,14778569
29875858,30100270
33661206,33828966
17347508,17464613
34661339,34824251
23637150,23853048
5533709,5696127
5621077,5792784
15841517,16520608
23011970,23125249
27115049,27234690
9342198,9625798
17430037,17646101
25811567,25996559
5790631,5979624
5208767,5341044
27328740,27440629
14203548,14310214
24041873,24163595
32013119,32181293
11886409,11995720
17359966,17700747
17269491,17452646
50716373,51384786
25908913,26073869
32634472,32767105
31724701,31842651
32737339,32909861
11687437,11841148
15885175,16067394
17411171,17573298
5959015,6063323
21973905,22114921
42484524,42615151
66021502,66229618
86728409,86956960
127585437,127918273
104157200,107943802
87151671,89093227
86014000,110073454
17565891,17948173
8296073,8554616
5977003,6312653
6338495,6540902
10199873,10414299
16136392,16253500
14962708,15155807
13041610,13534832
25987322,26134829
25516377,25701837
60981311,61129596
64171290,64281588
62437577,62576177
27460022,27580470
31803321,31955650
5152951,5270828
49730362,49961073
12607690,12778982
56987456,57285521
126540715,127104328
10930175,11152660
10646916,10825127
6069427,6288981
16812597,16920119
13387540,13568116
7150268,7301039
5940181,6155173
11679439,11980578
15260716,15491539
13930281,14064672
19247007,20138259
6169433,6485861
6196011,6417966
14588757,14905687
6735050,7027754
6099829,6347883
11772109,11996269
18694574,18947231
6307242,6430161
5936006,6157643
15444830,15899140
27178986,27484675
7575943,7866853
12183230,12372619
7299435,7598838
23625748,23782823
26611245,26721748
34029829,34227094
25615242,25734402
31852469,31998285
37352065,37554776
47457577,47670689
43627665,43736285
44369661,44537338
13600139,13936026
8616158,8771565
7080689,7325712
8042808,8150979
11362761,11601868
45301151,56716723
6786342,7057313
12257882,12371428
15953358,16062064
16112169,16222067
7288939,7426559
15114091,15237754
21982348,22149374
16806573,16976377
24997036,25174672
34679432,34804530
35933828,36047509
40991698,41171456
44870506,45042687
19744414,19965456
8123036,8276572
9911126,10018344
20965117,21134322
17171237,17278101
5446317,5563127
10819920,11067280
5144302,5306435
9182702,9373323
25699409,26169926
11881573,12450929
21792769,21932704
27666846,27843702
34769421,34890278
6587209,6837412
11989179,12210756
6027101,6152193
15711358,15910665
12242522,12349906
11881886,12025529
20372843,20497744
12451837,12735997
53299826,53495884
80662904,81309505
111432491,112051100
13749225,14119146
32928655,33069221
25440812,25543745
33625667,33741190
27286369,27425627
22369291,22498432
7690010,7862095
11113518,11277738
25494741,25776757
29797190,29932578
45543263,45736706
50554533,50671700
58150418,58354582
54833966,54943361
57653620,57836773
56777515,56887362
20082846,20191293
11465649,11610112
9281568,9593163
14038385,14213707
5418723,5646365
12017705,12194823
6545046,6842049
7360062,7496474
23700835,23823822
16273334,16408311
24947158,25128747
11491134,11663723
5379003,5485524
31702011,32185699
9404456,9608511
42381388,43082960
5876749,6068617
43779006,43960845
32096384,32225665
51902636,52011653
45012317,45187846
40516894,40632339
52092681,52274804
73046106,73240185
39073212,39186298
90149016,90925895
6126701,6437980
9664655,9807986
10900603,11012789
17892120,18630334
12529052,12644153
13646887,13746607
27690315,27797881
5246131,5375514
66929119,67670691
9196322,9337847
25105496,25276042
28210207,28458991
5728210,5900892
9395775,9593778
17117345,17423145
75499828,76115641
6657609,6879297
11438696,11668586
16797612,16976536
16607965,16768122
7892741,8123725
5487748,5656051
5364568,5587529
16552075,16733855
21190729,21444165
6672859,6806554
24835569,25049442
40000621,40166526
30487038,30644417
36593704,36828123
36898043,37067349
15238830,15462842
16211742,16410994
12597101,12761095
14960325,15205371
13781462,14041168
7355066,7497350
31548101,31813276
23255601,23383148
39053063,39330747
61077864,61953038
14468236,14691127
15775441,15977924
27585304,27815982
41799015,41916468
43597516,43750007
17593609,17732333
30831207,30955317
36662755,36772956
16545445,16655866
8296335,8549217
8143390,8391577
18023389,18336633
9601986,9719965
15209145,15313802
12594587,12725105
9838090,10002832
8188427,8433295
15373944,15535756
21396324,21497923
18513124,18722333
23714439,23815385
8185277,8355999
13040250,13254849
5203823,5374146
5294260,5467890
10977437,11295437
11530275,11853281
21287738,21401749
10252662,10375856
31112548,31335364
36178896,36888571
6442477,6551354
33197487,33315609
29480941,29588383
10860486,10971270
9987091,10212676
10609575,10711109
5171138,5276404
5328541,5446662
5201334,5310695
5189011,5292686
9952774,10054961
6362284,6470426
5075012,5179404
5249397,5440611
14432793,15305588
14821992,14935667
21265642,22018815
12433919,12612434
20913437,21053406
7467002,7736609
5210898,5336388
13816331,14049870
9777815,9894369
34028147,34638341
16820527,16957661
24667394,24777076
29927292,30032346
20858690,21029627
45878870,46055552
25968383,54939979
25620372,25821973
32662091,32852055
37342207,37496932
7127370,7270551
12721719,12851767
30109818,30307681
30520435,30754342
49147695,49370045
57562745,57673249
60183312,60383472
5241442,5376474
89142482,89325776
13748683,13901871
99136240,99345379
20509343,20684473
12010635,12285734
141072488,141670184
8316386,8530504
18256227,18393019
36384399,36600002
39757799,39947024
43861256,44030738
12880891,13133141
6821582,6986108
10011884,10134954
16328764,16526881
5687613,5903899
13117993,13522962
13493895,13609598
10028605,14508933
15707350,15908871
11914569,12095759
18624942,18800444
25450534,29861025
25251452,25362880
9803618,10111168
6055014,6171457
11119842,11278815
10674140,10889963
10512860,10689181
21744739,21894145
25314476,25558762
28001470,28173480
14652538,14811470
8008768,8132805
7904993,8138511
5266986,5370072
5718967,5918858
12996460,13160961
19687782,19805088
18887749,19013657
18997913,19101643
11947405,12082647
11579658,11691506
20102576,20213645
9783771,9914986
23451672,23632033
36231211,36415316
31442281,31569822
33879958,34066949
34392880,34554664
5438770,5597589
23506983,23707928
28076728,28241538
93864292,101795549
6367472,6582638
10068943,10232840
22086492,22257215
8358675,8480962
10227768,10389081
7228023,7329443
15900523,16224832
6327297,6439548
14398229,14618895
15661205,15949504
11593235,11774870
6010181,6138756
8914757,9131521
10758760,10930524
5632764,5763889
5923755,6163360
9179845,9371287
10802549,10956360
17343201,17577073
25901381,26099580
35150942,35332279
38019004,38183568
36732015,36894976
38133655,38361025
40880044,41097734
10694064,10913210
7115177,7288476
5301948,5508415
5897212,6150558
18606014,18846520
18885683,19061494
28090623,28283559
29153304,29381880
36961751,37177756
28214126,28332954
28609308,28745503
39008895,39195459
77211466,77545432
13821329,14038284
10107236,10314380
7773147,7876259
5061288,5174735
10654384,10760049
11094867,11288752
11068134,11222491
8149702,8349558
10724220,10892295
14036001,14179562
39950891,40113151
54709827,54859783
58490426,58592825
55501235,55667960
56091861,56180006
13241324,13509137
14443028,14613126
5114492,5250445
10756048,10859994
5557341,5754872
15228448,15378403
21780937,21893358
28866135,29032838
26225343,26400719
10287378,10441495
41961938,42156452
9173529,9383473
16080189,16254722
20948064,21104308
21020116,21168375
18720566,18939091
22210668,22381999
28843574,28993692
27484485,27684583
30231481,30388342
32430790,52492296
13268110,19581979
23687603,23976789
17351437,17470660
52972127,53658229
11440193,11587395
11172513,11271833
19494279,19720164
11088487,11279919
19254401,19447427
30195008,30301022
42396518,43175750
20099034,20216293
33055815,33248434
5285665,5409095
11513370,11699149
5547827,5735217
8981535,9135029
20892241,21085360
15292377,15460300
19703113,19811829
31038375,31221910
37332054,37436201
25125628,25226218
6005820,6221274
5667575,5845381
9463893,9602718
11487404,11650746
6199121,6466755
18931686,19164609
22954116,23067048
35092828,35293505
37522902,37638662
55140652,55336519
54808435,54986503
54253906,54445340
66747213,66986273
68486098,68669730
64352588,64579894
22186529,22320580
35712121,35829836
22827406,23024825
38952343,39131884
40977879,41204966
34039830,34221155
5992417,6200414
8689365,8974946
6021038,6213996
34135183,34401099
49195014,49330037
53309159,53434158
54730604,54864955
51500978,51627593
55423894,55561568
56578674,56695957
77169664,77358405
79579082,79828148
8844173,9147722
5650363,5826502
21333676,21579206
31451801,31624803
30423078,30529768
27610494,27726969
33902511,34015178
35047491,35156738
36127892,36305561
55894099,56374349
45767901,53700121
6269110,6530838
14436080,14725370
6707243,6993999
5929592,6102468
6107323,6340873
8852372,8967936
12351712,12512792
5884053,6070943
5208423,5349209
6069751,6249450
5370090,5479663
12548593,12746555
15686598,15873462
17508213,17663813
24039554,24233719
10306094,10481256
5437828,5610494
23526509,23689836
20535298,20694642
5071882,5254755
10914388,11067567
5216043,5401085
15086886,15318431
22577145,22774073
23628421,23786708
26497256,26683753
28906556,29086785
29118226,29281604
18333380,18598344
15020385,15243855
12072619,12220748
8441052,8619107
9964894,10558999
9274592,9446826
17109856,19825409
34914090,35125251
39358893,39527885
42292349,42482129
26474699,26585540
31493724,31855719
26199835,26464459
14086150,18203736
24487189,24719974
31574131,31676051
5689909,5951274
9499898,9618426
7116024,7230063
8181420,8295163
7522963,7717591
21307035,21474536
12051014,12181050
16795748,16932907
26729569,26833202
25430976,25603517
15257022,15439162
10773020,10890066
11594831,11685797
10306578,10443794
11776733,11903261
6720976,6856835
24251868,24411560
33460340,33636075
33129703,33233793
25150785,25266443
52116680,52221189
48277799,48376037
41067095,41236530
60626259,60817082
6472527,6679436
5751156,5974625
10431896,10576010
39011183,39289710
75638496,82358256
83669602,83780609
84183204,84275504
74820819,74978787
87862341,88001488
87665947,87869403
97360216,99129569
5864990,6155060
12267797,12490400
9531808,9735581
15561784,15722030
24377830,24532927
12973389,13081244
19140802,19247887
31393118,31664050
9232752,9345585
17033066,17139726
5778454,5884092
18207718,18488020
12622979,12731092
18445225,18800275
34237904,34568913
6282307,6384448
75280831,75422040
70394379,70574147
80137983,80259414
86776797,86883201
69583453,69694292
129634069,130589048
73489288,73590724
83025457,83282472
54088550,54207368
59269580,59446714
14325298,14576631
5194748,5301602
5455395,5556257
19837892,20176248
12502166,12728456
5792544,5995072
13768446,13969230
23700307,23815585
43389005,43531914
57954000,58081289
59415628,59506562
58829322,58980513
64430342,64924689
25241600,25348045
31455802,31560681
9975419,10268772
12139496,12347592
24913433,25079923
5747625,5864814
9940329,10038819
15853325,16081143
15502554,15809971
61471319,61664571
77340054,77488926
77195262,77708319
58592651,58706981
102208658,108327444
39708787,40077526
6756642,6878787
45282568,45452350
24807281,24896271
34492388,34619096
22537814,22702874
6864460,7009507
18243177,22094957
20354158,20586386
5440647,5660531
14366924,14568453
24586316,24714225
31477800,31676881
54979677,55148847
56071290,56224716
54552302,54767176
68460483,71572015
108035106,111723426
44621819,44753252
26478250,31642727
22529722,22695025
11611688,11724654
13838967,14095830
9774173,9900496
6140633,6288110
17239850,17358621
37876624,38017437
46708761,46810923
66903072,67045626
65839065,65952530
88122560,88315657
63599053,63828207
71464536,71614511
170386878,171041826
75713741,75827405
78056756,78344963
33084467,33339210
32528447,33038432
9653544,9912937
5179055,5278869
18766264,19020960
5473919,5647531
10683751,11031355
6482569,6593668
23723457,23816881
96153625,96597163
87781882,87882041
81182960,81268938
92806780,96109712
63858796,63960943
79397290,79489030
64180546,64280033
71244398,71396838
54145477,54285448
5900900,6206029
5930398,6053805
12400614,12496637
10326065,10481629
25598873,25718266
33697995,33877909
38896727,38999498
44790033,44899289
44575461,44944877
17304190,17409224
20240894,20450473
17325132,17456883
28380657,28622458
5358357,5557195
6467638,6568367
14022674,127191945
28093230,28189083
37166425,37292150
43981688,44139970
43560633,43691668
54138743,54250892
56454538,59983037
22315341,22558707
6533375,6765887
5273741,5393393
5922168,6198884
5468145,5632148
5084932,5190839
7651203,7800293
5529929,5638059
5300427,5399039
29834379,29952637
29548008,29630657
60843187,60966324
43991437,44092960
48203507,48310083
70648439,70843955
46216962,46315344
32914096,33051651
32420827,32512492
58569536,59734456
10551284,10772636
13277642,13447979
5064233,5154385
19368959,19498579
31264840,31431198
39324049,39427461
35718439,35838099
40800266,40892042
17688204,17831490
45849261,46067751
12368904,12567735
7994947,8178909
67236170,67387654
66504651,66600792
78018481,78111539
77836416,77924115
67665518,67815224
80239855,80408232
76266087,76365637
84518036,84695064
79544069,79645831
68002086,68307347
6299347,6512080
14831617,14963999
16615851,16719968
22623205,22780301
26970737,27069262
41960678,42138376
41576402,41680757
42468589,42555972
44683096,44777882
46365493,46533102
5705012,5893620
5279654,5376167
5090273,5223859
17834771,17926708
18371896,18525724
5111649,5213575
19913347,20027402
21107243,21296142
25032783,25131492
24894729,24985637
5324647,5471659
15372277,15469864
22833533,22993298
17733274,17851769
24186505,24341349
5318948,5430820
5203941,5308823
16337106,16573181
9551047,9802538
5423682,5534436
46381675,46651938
58165122,58278464
36079810,36181047
5456540,5559957
5251038,5339440
83810571,83980572
11566137,11656430
15334960,15465455
20744866,20898973
128328601,129010003
5906258,6107911
5369546,5474592
5208547,5315316
8538308,8649748
10503286,10604622
5092341,5194429
5383765,5485627
5163291,5259217
5322253,5477440
5669121,5847991
7010684,7228450
7105138,7267194
10273621,10421375
9868418,10093232
25877899,26108376
20933579,21128280
5199504,5354193
30519077,30804828
11164230,11418393
5027535,5228751
24572091,24863585
12672397,12892644
15129312,15349232
10399785,10580562
14356881,14507874
16484833,16642136
22125593,22323040
25456569,25691855
30427351,32933064
48525379,48651220
91113445,91551946
63681733,63813854
79226720,79353049
84029424,84206132
87368569,90853199
34399197,34558785
38973172,39079518
19516218,19763621
6351487,6523181
13257038,13507768
9947126,10058996
21527763,21649057
10143837,10235410
11246646,11334631
4957721,5060376
5788072,5972968
10628377,10837741
18013057,18231649
53889244,54684356
6402399,6700809
8413197,8736441
9782989,9896364
33865610,33963930
33334125,33427227
34384343,34602004
48551303,48695125
50437816,50666533
17722427,17850536
13990524,14084081
9779246,9936081
14390760,14531933
14869238,14957394
17598425,17745414
12780483,12884645
13951669,14041226
9189378,9359612
26068598,26185857
14309924,14410566
20664515,20762652
24523185,24679185
5883516,6128877
5285162,5389942
7667893,7950432
11021567,11229199
14187340,14377729
15785918,16023784
22282100,22467818
8058782,8225518
30734322,30968650
28368869,28508073
28319520,28542803
26875350,27070731
29388684,29546892
35322511,35502056
28176272,28348467
30512469,30671551
34005890,34195693
34106603,34264458
40113587,40276664
46680920,46887030
49596518,49883516
29848016,29986595
38616992,38791143
63501427,63662465
66727779,66899106
100258203,100590930
115184402,115659929
11661621,11796820
17686044,17790489
13274592,13382098
32359298,32478700
46843693,47024607
48994473,49152371
44790104,45015496
8249187,8440109
11957192,12256206
10496461,10684106
6141512,6263890
13203232,13319830
17217687,17311601
23990812,24085073
15917557,16004894
22044542,22179741
12548238,12738072
15930628,16137354
16884128,17018650
10058925,10154322
16827227,20413004
27062628,27216604
6038394,6281499
8011092,8127940
9677173,9772636
5729606,5926353
11776424,11931343
7771784,7914984
9117712,9277519
10187662,10282476
10731408,10931218
6806015,6898682
6016493,6223605
5874827,6083124
6072245,6307085
6263161,6410102
11675494,11849428
9474757,9567284
9228688,9323366
15215531,15308625
6376444,6585722
15977745,16139964
13778160,13992288
12492484,12706824
28011295,28189599
29383790,29526968
20755254,20882804
13945353,14046949
52821417,52933636
39818254,39928632
33451398,33548601
25084151,25185277
31463025,31625101
5767018,5983668
5694693,5880797
5492106,5618749
15682239,15804161
19549888,19790490
21181561,21418755
6439509,6616728
4952353,5143741
17368790,17532233
58844918,59594572
19481722,19702834
14843218,15033210
11796573,12003745
15796258,16036313
17953996,18062252
9595409,9697854
5289018,5398288
16965057,17064781
11838575,11930146
5323050,5449366
16265518,16373722
5219365,5315190
47545600,48066379
5642321,5830999
5111216,5208050
7179632,7415414
5464968,5640123
5063672,5221904
6108306,6311179
17284565,17441050
18644249,18872085
7683431,7925790
5423956,5591166
10007561,10171831
12315977,12549079
5246814,5431094
5654099,5846026
21473878,21709594
18378216,18530511
36699231,36829708
39204203,39388231
54336575,54504856
55678235,55831056
46561974,51352854
50827173,50937967
24413295,24536857
5245234,5343616
7833109,8119465
5086230,5251097
5061517,5176508
35363368,35465771
37280019,37408891
38543777,38707470
35251144,35412699
16123418,16246285
19755574,19852138
22450354,22544007
23877221,24043155
5715610,5924739
9574284,9736726
10624566,10817728
5102577,5283109
10469289,10666224
11581455,11746960
13789568,13963920
15138685,15352148
9491419,9676638
19926376,20020280
15420862,15585498
39985675,40216417
88179436,88779520
8376422,8638837
10109464,10268687
10778102,10931500
16095717,16307509
6997871,7226098
9438794,9666395
15781075,15953516
11098652,11282367
8413147,8689926
10005508,10192848
6181969,6353976
9739861,9932851
14898399,15081330
18741843,18943448
5877347,6067793
9196624,9509558
13743187,14002646
11272089,11613047
13733708,13884809
5988901,6119040
15053376,15254815
24382957,24532614
26177697,26313061
5187898,5277261
33411916,33592987
11390958,11527296
26552302,27881687
22099709,22208619
22901311,22999302
27870100,27980492
37777864,37962096
9299115,9405497
20942335,21163022
21533466,21641321
19875035,20039704
13683904,13912115
10626232,10806156
9331183,9422964
12237301,12385429
5167628,5263060
18821779,18993318
25221917,25315632
17001739,17151739
21072716,21224364
22070242,22165539
10673646,10879592
10681815,10863479
14686818,14857864
23371330,23482907
13756258,13844900
23756942,23887193
19160070,19261003
14955220,15052566
10797519,10887785
11291342,11478499
14158944,14265432
85445177,85963209
37265347,37430947
42627124,42836544
38731762,38839026
22045934,22366814
21529660,22185798
39393253,39556615
44033072,44179390
98361536,99041818
6650808,7014805
5603328,5712256
5111474,5218278
10609700,10698443
7467136,7561854
16507382,16613983
9166115,9276235
26904214,27284186
5378805,5465919
9186551,9830975
5254347,5364402
5781668,5905836
13464596,13636772
4965518,5086420
7786453,7886047
11347277,11470659
40237477,40349148
35615312,35727249
31759322,31854566
23981675,24076316
28083056,28305560
5097873,5198945
5071656,5224962
8488524,8680616
11322767,11481725
4962265,5123106
7822067,8041039
5838009,5986198
5029457,5177031
5009790,5169310
10384712,10517802
28046230,28242640
20770427,21019588
20640719,20792586
32653407,32844629
40144802,40353617
36634207,36848742
5037651,5191517
10724843,10877142
7147366,7386070
18412335,18602511
25055493,25215805
26215819,26379555
37086233,37230222
42697385,42850552
34931698,35143190
41671886,41866369
32431957,32580312
13445021,13631828
5191817,5364473
33498694,33622801
49352562,49461693
37637333,37819716
54531393,54631199
61862511,62009111
61932316,62021521
98328697,98947371
60242236,60382794
57710049,57809178
25759872,25860379
5609469,5803172
7370743,7566581
5055775,5201579
25315365,25462973
23111866,23314645
24140675,24296391
14251286,14407148
15690302,15850088
16876578,17063977
5169031,5336757
5004312,5213501
10999359,11197955
39014268,39243143
10443527,10590595
23587077,23750254
38112489,38317059
28893712,29089857
35641541,36332254
10468267,10651904
7116373,7289232
14553395,14731748
11001977,11187075
6898786,7057544
6253443,6454420
15807325,16053255
12243959,12411248
14937810,15143812
5452712,5610528
9002171,9183742
10526749,10670482
23501013,25557007
23848712,26392710
35044403,35201164
35308340,35406879
43800416,43903263
43602117,43697192
60862434,60969910
54089455,54186332
55325415,55414824
58211665,58491148
12795202,12996539
9325124,9571010
6825816,6954718
17805831,17932884
22425108,22685070
22049175,22294015
31809803,31971182
47644888,47836221
39351050,39689053
38697063,43356408
20520622,20625669
33908394,34012546
30336636,30501514
6173378,6961895
7764944,8207602
11176869,11269442
13920661,14028973
11861548,11958995
23608913,23723846
14622555,14710949
33754178,33839380
37729165,37835974
38665263,38755498
5043730,5132189
59340446,60084117
5959114,6124304
15235582,15343336
15997050,16085847
15660780,15743850
5332350,5527278
17366834,17474876
42486730,42643188
58714135,58916507
47416032,47566479
52720363,52861494
53213429,53355876
49769899,49923394
54226095,54421093
51397431,51537551
6143369,6386374
5317363,5448921
10038476,10158336
22054372,22187915
14391969,14517161
24962463,25115779
32153197,32291813
31614343,31772970
29570928,29703651
30498057,30651031
16454371,16635938
19401672,19550127
25774776,25929701
42924786,43080424
46241131,46424012
47859536,48015448
44804748,44934644
61591967,61807535
47679635,47870754
51588810,51784065
5945957,6131687
5949687,6148804
5428049,5573433
26681313,26921717
33097801,33236533
35862401,36008801
35326863,35474197
39558236,39702763
40609725,40741577
41096032,41233048
5304735,5452872
10789763,10959431
7490899,7573912
7916968,8147005
5338477,5483537
5181175,5341361
5447352,5594070
8912962,9063701
6515199,6624960
10949309,11139618
27204601,27319580
23985707,24074165
33399298,33495270
20901139,20986442
20686860,20798573
5334246,5415833
9922936,10008929
10482829,10600365
5117731,5212496
5040166,5142411
7128528,7268645
7766943,8018899
11495028,11619526
14562672,14695358
16118170,16199512
9398043,9562983
13051411,13225312
5727334,5978611
5692083,5871845
5247659,5360936
5443458,5542744
5175491,5271669
40090430,40264749
40259812,40346646
40307052,40390077
41399157,41529659
106420852,106538138
59748815,59842197
43863730,43984280
36838068,36934392
67117941,67253462
96182583,96825529
6470671,6783304
15096116,15379095
5281111,5379740
13885225,14498087
16577476,16655483
21706916,21797947
22986465,23240281
9815104,10080745
9938976,10035373
12291068,12451246
7982073,8319862
10468260,10601853
38897072,39191543
23750434,23862607
39915831,40021485
32961720,33051365
42102708,42186511
32166173,32627261
18274655,18362923
74294250,75049408
78317699,79491840
97422767,98446989
6228443,6494294
5314321,5457834
13203749,13448866
5999528,6132008
13429623,13701331
9264978,9524411
8913073,9137257
5898249,6120022
5133702,5241428
6437089,6713779
11192057,11442498
8327800,9534913
12703010,12804153
17711516,17853887
5724927,5941750
6898836,7154337
5441536,5556791
11375152,11468751
5138332,5240259
5048067,5152059
5463187,5626890
9718772,9827260
6046343,6206317
5084529,5196186
14866889,15069959
14819040,14908789
51975738,52653248
17864389,17989630
23569185,23712470
45836487,46089527
50030179,50199799
48371332,48570660
25729921,25902857
45839238,46058901
9380100,9508482
24064192,24213457
5705236,5879610
5115341,5199700
5869745,6063432
10324937,10515141
16344224,16433824
5489442,5582945
32241581,32415513
20895455,20992719
21076677,21162897
32388704,32491055
28174879,28257141
19616141,19723423
6480483,6565923
15918864,16180306
9701993,9944705
5412088,5526463
5943267,6048919
20424200,23785243
30735011,35067995
30616506,34988413
32669490,32802607
6345532,6633638
32542265,32704998
21693069,21776304
22493743,22600565
36894231,36990021
38043263,38130578
40046081,40180327
24450191,24539252
27946725,28071965
31295510,31451790
5895489,6100435
15118249,15322322
19092390,19247335
30636035,30774193
28721122,28852399
36205949,36348420
35740037,35966864
46874601,47049917
45334920,45525457
47563325,47757536
5981181,6172283
10346362,10539271
6113826,6266524
5972589,6187306
5615362,5810361
26149612,26351642
30993193,31139644
27766372,27909805
39308457,39473123
31754353,31950232
35513392,35669530
36273046,36396456
38421056,38624978
5936736,6115581
5166845,5366000
16058322,16210768
15734876,15949425
5073133,5262010
13955571,14151635
8426639,8597064
10307174,10452114
5686527,5877477
6467644,6647466
5751222,5954878
5905441,6094281
5145055,5327804
5203658,5361917
5165132,5309051
5685102,5871227
8594002,8817398
10746291,11838523
11212045,11310892
21229734,21329682
29376999,29492574
30263673,30392179
41450734,41580804
30128117,30215447
34455443,34593883
5394291,5481954
9914145,10011222
13131824,13264442
5125608,5235364
5061584,5149488
11165430,11329107
16909613,17016081
21394213,21488200
28319651,28423396
34558357,34821809
21119509,21214042
5997159,6277055
5043524,5140229
10648543,10746485
5111357,5205903
12241058,12438064
14856409,15013490
6217081,6301973
13248048,13381176
11584633,11700966
34835809,34968178
31131285,31251459
22268181,22372215
12692820,12784831
5498226,5661935
5024171,5135634
13419946,13522676
25984475,26118426
5255190,5376769
23548549,23706433
28043704,28172443
70784971,71284656
7553024,7722804
39000547,39457402
9658954,9839711
15450668,15588313
15321016,15409782
13911241,14077642
15328562,15478840
11562301,11697753
35139315,35684466
5643029,5801876
4984822,5142105
6308734,6450904
9745566,9924177
5518636,5678741
5309332,5494229
5193989,5330603
5210018,5364342
5536887,5705307
5069705,5222651
10689732,10859397
4911016,5070227
15822028,15979145
10829248,10965971
10539002,10665179
6197879,6320390
15596653,15741404
27851727,27944224
9390284,9501840
62838281,63507039
5395791,5491002
10095491,10205898
15738641,15840428
15200843,15362872
5045437,5230371
13594829,13707438
33629087,33735487
25512136,25603921
13417809,13501168
37128651,37265867
5246742,5354792
13046758,13133259
19423333,19619633
16154428,16290496
23514737,23609416
16261686,16361987
39938632,40049769
44191495,44433971
44384290,44864249
5934363,6213510
12654749,12757936
26750032,26870451
43130773,43238573
54801816,54999518
89111033,89233989
84108664,84192906
87066505,87190952
96280210,96423380
91400839,91524963
8481024,8707933
17225852,17389274
14741208,14915657
15279667,15529975
23869852,24053498
21183110,21268273
11155143,11246175
17263110,17399973
13248781,13333529
88681952,89166798
46579875,46746199
5594397,5692774
14591207,14716416
11352240,11483167
8599367,8850824
5042135,5220209
10973286,11189538
20993566,21194963
21730209,21862179
5490325,5652279
5143320,5309881
12931004,13088054
15365935,15502404
15207908,15354023
7753606,8007592
30418637,30585773
32552448,32634797
41307653,41428713
22124457,22202093
43937512,44063736
63457614,63715945
5433656,5518791
9205453,9362317
15497461,15581437
13329973,13446079
5011944,5116807
27146312,27242700
14494321,14574271
25185091,25280685
12826714,12907770
15416218,15594859
5113879,5255290
6566985,6738862
10519316,10672448
16226465,16366809
5071696,5243822
12241941,12465337
21991530,22468744
21624570,21761978
32262738,32422422
23087995,23223907
13857375,13985528
5281469,5409625
9724412,9901185
6362177,6501840
5028080,5205250
7579302,7805658
10063585,10217186
16005990,16178560
8262844,8440105
10076429,10232498
5016165,5159362
13726495,13866857
4911233,5037868
22224945,22373783
23767637,23963190
5325582,5495088
6010223,6200088
21575594,21763528
36228476,36384879
27635623,27779821
32455025,32680250
33886013,34045226
24689904,24832147
26817304,27008103
5710838,5874755
9340347,9516615
10336533,10475502
5489236,5594623
15341980,15479305
22035229,22141264
36506312,36618986
19489242,19625821
9517782,9605043
63419532,63555169
26319476,26449190
56454456,56581254
14140386,14223984
5081890,5173145
5585710,5695468
8659188,8757498
6849028,6939700
5980564,6093378
25186497,28250206
68365862,68549201
74791949,74870985
79464547,79590043
55907804,56008691
72090121,72185131
71019071,71165704
78853810,79001796
59215651,59363766
43423368,43509098
166978981,167365279
9494254,9621211
45514217,46123999
5578051,5669142
5450781,5558392
5343942,5458828
14485755,14684508
10377731,10481888
10583251,10788646
16486958,16661899
25473152,25624271
7070905,7205800
17110186,17235698
10377347,10539089
5284330,5437803
5388095,5541254
22551601,22761958
11060832,11224689
7528616,7671915
6132221,6306277
33370596,33575327
11193349,11322915
16768857,16915594
5161730,5363500
11459336,11600581
26723910,26884278
27132280,27315762
37157960,37309398
23403803,23545711
30329394,30479973
29341229,29498266
30276497,30456678
31878660,32066157
5787220,5969351
7901333,8148300
5571892,5741239
5807317,5992919
5102540,5265217
14742888,14888988
5107062,5249943
23987914,24181026
11349127,11593967
19436134,19596248
24084662,24236559
20760417,20954891
5774751,5968926
5929830,6115478
5917864,6124409
6975250,7198242
7882834,8090410
5774112,5963037
10259522,10436635
17792860,18033576
5923917,6107212
5901516,6103054
5242431,5430654
5071533,5215494
5264976,5445932
16277102,16414862
13255292,13456538
5138226,5241140
11142657,11300490
5631760,5826808
9355522,9492015
5169181,5255104
21566818,21723512
17866627,17966720
5161298,5278892
11201392,11453618
14784096,14972753
6496007,6649922
12068678,12220092
5448209,5528682
8416910,8683062
10485134,10667301
6518550,6664605
5500698,5688707
9363410,9656115
22545963,22800807
22914969,23062264
28657719,28800497
28650114,28779874
22671442,22873884
18331851,18507524
13381497,13528046
23086738,23230658
13677848,13868190
8258216,8498245
18964869,19155391
31202153,31415503
25652563,25824741
14952051,15089286
37168030,37318451
21221415,21380300
26190339,26344627
51018826,51213112
28265737,28413122
5803440,6006453
5733200,5935867
5237728,5426099
14502357,14733106
39316810,39510327
16719741,16878091
35059702,35248443
41368686,41598021
21964466,22116047
22760254,22901496
15134386,15281404
5845886,6031869
9122024,9322226
13429431,13629293
9613756,9826733
5371129,5534386
16362365,16506114
9141712,9370599
16352730,16500490
18359843,18561182
5852090,6055709
10027724,10213033
8563159,8739452
8589474,8794943
14272971,14431725
23525273,23674334
38839218,38988449
23428466,23633189
86907925,87486242
78497607,79177269
8189627,8412695
5663684,5854698
5630345,5818774
5726713,5937092
16163229,16352322
18708515,18924054
22085898,22236941
15823993,16019490
6835307,7046352
17393472,17539161
13937208,14081821
12618915,12775127
5385138,5477153
5383579,5501663
12418341,12559689
15279794,15404119
9289538,9398286
10443295,10526348
4846809,4997660
16415877,16499362
15936484,16027502
9610894,9794759
23804814,24030824
33578357,33761896
74834027,75416447
62449129,65658476
6179414,6318136
4948606,5071189
19911373,20031733
20501890,20591111
35286828,35487210
21237129,21316593
8387357,8485765
10131787,10237198
9252961,9548438
4978324,5073723
5082014,5159262
7855939,8009395
4947874,5051799
5384770,5481754
9716731,9877120
33461563,33547972
29419547,29530063
31044885,31127486
26127439,26209271
33797511,33889694
12010763,12225012
5452651,5627682
5127837,5299236
17251309,17501453
8389746,8509732
21627785,21781860
27717470,27842368
35750530,35892125
32185335,32309692
31919236,32046590
39818542,39989240
5299367,5435244
5415470,5592202
4954015,5127465
5737056,5913889
24959855,25123131
5123042,5264613
31077621,31281892
29980358,30151411
5167506,5299968
5074468,5229025
15316495,15489295
41695846,41918158
5599819,5782099
5740612,5901456
14269060,14429933
36392514,36546616
18218963,18364642
35752443,35911136
30605224,30737870
33498834,33624332
23243780,23376660
5473289,5633598
59127570,59689506
95042451,95437771
5730533,5950435
10964432,11183161
6997262,7145878
65666126,65838609
20887277,20976782
24520904,24616217
83565622,83673568
29794227,29947122
5845034,6013641
9044296,9157894
13983850,14172518
13650522,13789811
17494677,17579235
22572584,22677126
16076402,16277262
5321265,5491415
14119184,14344377
5200007,5385891
5299510,5468376
12674559,12846269
8345177,8521127
5166318,5307530
5830431,6043695
10211343,10358154
15720445,15865807
8409173,8611256
16361561,16516171
8898733,9033448
5124948,5276860
5832561,5991348
14465091,14595887
15964049,16109499
5067409,5211532
5127152,5288525
18371792,18537942
21658309,21806870
25816825,25991549
24064529,24247406
39278303,39415675
36979850,37182513
31861018,32069114
20328379,20481670
31853888,32000100
6708198,6838005
5930604,6118569
5393969,5563618
18307237,18596531
26691563,26841151
16816063,16958750
38500876,38664993
45542576,45697645
39979927,40141363
7581000,7728241
43583810,43785382
33516748,33661361
8239141,8462775
5785271,5975220
11178631,11357170
25781975,25939242
24208649,24425889
6693337,6830157
29681716,29864048
5704574,5897947
7950074,8180895
6298639,6512062
10423008,10557511
16097647,16239440
4896660,5044390
10459349,10549525
8099121,8273714
8535787,8676665
8360127,8598646
5177953,5316056
5151867,5325242
11012175,11145200
16857647,17003083
13723025,13904258
25473176,25628484
28249522,28391044
28401954,28548853
24600991,24744522
7907061,8119672
5213694,5395818
12212328,12404991
16689762,16846012
22103822,22318363
5308169,5464782
5097452,5276302
10731445,10893939
13307562,13420154
5071620,5166830
26980879,27072160
20707300,20793326
12768900,12937627
12471854,12562336
9194402,9281090
5287456,5389233
10035486,10147976
9708159,9848222
7069294,7200572
15705608,15916893
16549769,16696052
13030346,13115796
6428859,6609151
10347286,10488206
16243800,16389917
5044152,5222449
5840209,6024634
5157312,5339498
5363411,5564409
14288750,14462884
18213404,18432397
17424709,17625454
5053872,5255536
12890638,13096762
5232183,5396111
18465201,18624912
13337785,13546468
5757918,5900038
10208738,10362426
20029639,20191935
18195696,18370143
23848772,24025750
5140135,5298142
7632553,7838189
5276995,5463404
8470847,8633716
13483079,13628173
21527372,21717539
37510022,37658240
24253091,24459765
24383780,24515895
5234233,5381799
81641255,82328244
5583018,5767504
7061167,7293458
5652747,5840930
8955584,9151996
8448445,8592421
22982110,23151909
34472750,34651948
24407982,24648026
21473201,21597958
36054074,36190112
28451531,28672896
61005005,61488143
5782690,5966911
5188587,5370149
12865172,13094100
7686288,7863227
30647450,30749176
27851065,27943408
29504883,29594020
34639937,34728217
41087455,41235150
5524495,5614805
4925401,5014521
12457112,12586563
7541832,7668174
6264750,6388866
16997686,17107540
30116758,30216297
31599625,31688478
5166780,5254449
28539234,28626915
24166378,24303489
7850796,8040385
9813185,9952480
10239478,10414829
6457837,6594517
11441610,12810058
43018843,43143892
36619789,36710876
38198558,38287202
39176374,39264026
19226505,19313359
27884273,28031561
18751340,18900349
4982470,5119695
11106472,11271251
5478206,5565978
33151745,33357337
32446684,32599337
37073173,37216366
38016956,38149538
33459463,33596987
34360226,34503121
36180462,36380113
10120966,10305231
10868061,11014224
5961074,6142038
5729870,5929818
6002818,6222746
15196571,15335379
19959750,20163089
5606228,5771148
5273626,5413068
11112013,11294761
14041199,14253865
9450245,9705338
7861945,8071353
5311765,5454999
5025738,5193765
5167582,5336315
5516660,5679140
5542379,5687200
11181617,11427107
5841783,6017699
5820950,6020013
5226567,5373491
5430992,5623166
13201914,13361345
10075279,10255376
47821347,48244847
15890351,16048435
5457339,5596914
5437284,5580147
5419704,5606503
5004543,5140991
13868774,14114404
5230451,5392133
24225193,24480705
62426243,62964250
27867417,28086917
18519471,18682713
22401781,22489650
29650475,29797341
17379077,17518538
35614209,35810887
18232988,18426667
12481990,12671280
53251163,53899140
5788676,5979999
5088817,5240128
5136422,5295896
5179078,5322707
5030756,5121074
5062295,5220066
5319806,5494024
5102621,5243138
5068251,5217836
7919437,8153535
10688142,10867607
9161788,9386263
17386127,17572930
54278522,61329038
6106845,6344137
12274919,12464034
47959475,48493892
5143205,5234361
10915224,11006378
5073052,5169560
7852126,7999813
10263969,10394147
13661369,13867810
10164736,10339578
8649199,8840637
5085768,5223752
8390906,8612008
10233888,10395769
11086369,11237055
5289628,5453270
12181637,12361140
16702424,16948381
19008148,19151426
7910810,12666252
5998928,6236093
11447321,11641998
9441406,9797241
5951804,6114720
5870403,6050826
9610055,9752049
34585411,34694519
33759898,33857142
26922130,27015647
28365554,28455871
36355924,36575658
38436393,38573978
32970448,33113986
8850408,9029131
9345284,9522913
28125962,28340261
15882833,16017784
16059922,16185566
5948472,6132498
10249819,10443500
6841667,7025173
22989083,23090784
26169867,26251567
31105564,31326783
8900876,9133851
5468126,5580353
7910887,8026068
10318905,10406768
11134433,11240963
8623918,8780103
5377540,5467421
5077964,5175726
17604726,17699012
19888941,19975586
18311900,18448878
11366263,11462932
8915715,9054894
15485500,15577551
5035019,5120290
5258205,5418878
6489110,6640562
19963462,20136962
19487633,19680868
21801582,21928347
11999568,12182225
8040662,8218918
8485983,8660233
17506041,17718975
6992659,7181429
10419235,10547039
58210765,58665285
10284611,10499017
12611926,12718054
6700663,6817756
12096919,12198673
15065569,21217267
20732200,20837041
23512226,23602568
31703770,31863377
7549314,7630680
5124957,5237293
11093115,11237482
5244188,5340472
8976742,9084222
6063057,6157612
5095060,5228749
6112938,6321478
5094377,5291094
11329584,11475695
8459694,8641706
10238828,10396660
6331668,6461673
5691026,5841103
8226817,8378710
6894400,7036394
23012769,23167693
19014582,19094886
36904157,37262412
16685413,16906492
13420081,13567783
15234382,15420957
7794549,7968624
5427090,5624787
6091256,6262853
41506210,41931679
5475271,5654831
5142686,5332431
18256876,18423625
16511317,16709008
10388392,10529018
9239750,9427192
5225392,5389352
10811749,10970575
5157143,5319639
5760794,5942339
5054419,5197423
4940545,5078968
5707348,5888177
5431100,5639896
13907810,14082383
25614955,25816432
5079714,5270892
37119630,37365911
28864044,29035344
31627010,31810102
5149481,5302560
19718678,19856971
13663094,13895634
18300814,18546490
23880684,24023805
26478039,26617498
39949450,40042212
35374583,35519618
52084263,52226153
34308833,34392085
43856772,44013630
9208048,9351439
45086753,45718012
5967730,6122722
8369809,8506006
15453763,15542120
21196623,21284087
19729258,19929600
5566492,5731024
5151894,5245098
7326578,7416748
10136011,10292983
7858690,7987718
5075671,5168460
21309746,21426021
18403372,18499671
23953739,24076432
13125127,13250324
6378373,6501496
16649846,17578856
5662955,5759402
28891364,28981723
5339576,5467422
17469190,17563095
13931862,14074761
7737625,7866497
12146495,12267591
11320341,11442196
4754664,4838483
7192763,7343662
16759473,16850101
16533830,16611359
16926967,17065473
5762983,5950106
21212066,21352927
28945263,29111240
37321962,37454535
40732001,40891180
48823747,49013136
46207896,46357584
53103246,53284630
54011905,54205378
59872629,60117543
5909420,6088548
5221836,5374744
5227080,5364895
5653383,5835399
5195970,5343557
5501007,5680535
11391558,11614506
26484504,26704372
26412868,26538242
26505487,26638289
28138657,28272500
28299532,28530841
5390060,5546756
10607203,10844173
6052800,6224026
5123424,5266904
7596596,7772055
5058075,5204031
5095664,5242135
9211644,9351518
12676016,12849751
9779716,9947444
6228958,6368493
9331184,9505027
5245167,5408483
53256560,53745615
23522722,23710162
9988778,10166424
7689723,7892939
9098377,9254502
10725094,10877439
9589824,9729408
8712183,8889753
8892055,9067355
14590180,14792062
19528584,19707020
12685561,12872557
14478424,14642025
37690620,37850996
38050811,38200245
18303320,18482792
72309090,72902017
5205020,5375064
15919666,16065353
18239043,18423621
7932459,8161109
23815354,23982931
26702330,26871755
27732209,27867699
28684694,28816609
31371213,31513012
5487000,5638614
16374360,16474121
19423881,19608914
17170020,17250920
9132298,9263197
13819659,14003699
5095355,5207821
13190034,13338605
5019170,5105224
9300379,9385466
10075461,10169620
4786569,4873111
8957096,9043506
16749027,16942042
14961852,15203066
5736247,5942707
5137002,5266341
8974382,9119141
5934268,6139892
