19870502,20480740
4867778,5188028
4247542,4438459
4506234,4866516
4181135,4365606
3846577,3967069
4022311,4151873
10185897,10426696
4513952,4702407
8447289,8620680
10204074,10341178
4525921,4635165
29581675,29691787
33901363,34067109
36896755,37002805
8928821,9133836
14311065,14497819
24757862,24965350
9678938,10002585
5543210,5703099
3802048,3924668
5743580,5918514
4266737,4437628
3850564,3992389
8123338,8297685
3768621,3896486
10975427,11078719
11584406,11688245
4172726,4384107
10829474,11018874
7443504,7554836
12370706,12468928
17525608,17622854
4233617,4434251
7428855,7669445
8300139,8452792
4191528,4368767
3788013,3899249
9769698,9954462
19664160,19798634
25133471,25272456
35394024,35529881
31880850,32016016
8869819,9059953
4581085,4744796
17250968,17490330
20754719,20862040
29218192,29370495
43891396,44010236
39520307,39633098
4104819,4253362
3709598,3814481
4983260,5219902
5894721,6144849
3963859,4128317
4189136,4374774
3806886,3908673
3682699,3781049
4154139,4362491
3796725,3895762
3706988,3842282
7557769,7681445
4302819,4519805
8070803,8219689
5114209,5265893
14818881,15040761
15319316,15463428
20896946,21017779
4431717,4607972
5195233,5642448
6554137,6685430
15044619,15194439
7325436,7428361
27425311,27554646
8041088,8135684
8308951,8486380
3976535,4170048
4158916,4329227
3583802,3706188
3842685,3961176
8361006,8463777
15926409,16049808
16546304,16664526
12046378,12152150
3835294,3940435
7883983,7986926
4193285,4410417
6540624,6762421
3913999,4058277
6114866,6317545
4107308,4290055
10114497,10220831
10640873,10809188
22558041,22666327
22891993,22975626
37040669,37168269
29944594,30041761
18341630,18445439
6145139,6392784
10502403,10613555
11547296,11647974
16803833,16910867
4228739,4407220
3585923,3703961
6017193,6131789
17004071,17110050
18351371,18457996
15815736,15946661
27026159,27148050
13872714,14261726
35724862,35843096
40586989,40737431
4482195,4691592
4019348,4231383
4546874,4694225
8920827,9021094
3572615,3679550
11405228,11505390
11204985,11303154
3910157,4020036
3719625,3838150
3871343,4029290
4419101,4633966
8004107,8419106
9092800,9194674
8699751,9084906
10739520,10836536
20059592,20220361
20913128,21023413
4036128,4185127
12743660,12897846
7983047,8151670
12710879,12873671
4776402,4926572
7450701,7563235
7951017,8068761
3785855,3971109
3812409,3914975
12953478,13062380
12655067,12775605
6877262,6975249
12619717,12794741
3725806,3846296
4043638,4193481
3629087,3743322
3499048,3593501
4194281,4410038
3595788,3690856
7494686,7629222
7877957,8040880
43700210,43793964
44661865,44846699
8280687,8381363
3599595,3691706
4216807,4407971
3733384,3890959
9486942,9887984
301507032,302382809
305879286,306759003
446425477,446671589
155790807,155979732
12633054,13056678
22600259,25623399
27848080,31750721
48573759,48785985
35349228,50897504
55421737,55638606
52227654,52577486
68185085,68375658
76604613,76804771
48626037,49075148
9054189,28841813
41220739,41502323
45117122,45897618
52057726,52250612
52745197,53108034
66609836,71077583
61081901,71080987
67540406,67989749
65298107,75908872
8465370,8664814
17301863,17462880
22309328,22431732
23398729,23880569
27621581,27796178
35970770,36120328
48306534,48492177
42393903,42533383
12022807,12255699
23489974,24235421
22201973,22374974
39222954,39421240
48917544,49086550
54069806,54461449
57498814,57636955
59445576,59596002
6864066,7143866
12855111,13085709
16390478,16612803
24157926,24371651
11012332,11153080
9548079,9713768
16516003,16721229
21528682,26087508
22967416,23096448
8148459,8399814
7759714,7987116
16815665,16984330
13542442,13738618
32862204,33006048
11734209,11977515
15300091,15571468
10897595,11145022
16057268,16218128
22809284,29063490
21245804,27919596
18795332,18976780
27580781,27825684
35460921,35767446
62436245,62755856
59697254,59843270
50204783,50429477
56432439,56634992
9841078,10041170
16930326,17080148
20385624,20917602
16739310,16881232
10461222,10623927
11913780,12131571
19109498,19314751
15478824,15604530
9633853,9827586
18063761,18245512
24868563,25084092
38738782,48271607
49825146,50024223
28066316,28468090
15226074,15357478
26782029,27094927
6752368,6962776
5733144,5892309
5252202,5420730
19176003,19314446
7125949,7579952
19923197,20136399
20620334,20762749
14690576,15028244
11387391,15628472
8399865,8518153
17888433,18116837
7299701,7507131
9810074,9951234
32473385,32658730
32928227,33075508
9763824,9934280
11027010,11373968
21854252,22003201
11487989,11632079
17402523,17648388
5870639,6014314
19368497,19500219
6333494,6508545
12597400,12827576
6077620,6460659
5959444,6163808
6594792,6733799
12141381,12430608
18415385,18643930
24144069,24303678
26116546,33993087
14388366,14688172
6999371,7220632
5466438,5685596
5239550,5401214
17236231,18393318
6327020,6499895
10686644,24928121
7052145,7240559
6071144,6207625
7003948,7934269
6371218,6508034
12742999,12906751
22210966,22674089
22964749,23120133
31863300,32048487
13012452,13148901
22610862,23904197
10364278,10496989
19405904,19631132
6025517,6207569
5171670,5327360
8087978,8264214
13684447,13843699
5191144,5543779
32709583,32856147
24999555,25144779
36938279,37112014
26939307,27489215
7633183,9204207
11666309,11858162
10062510,10525533
5950907,6219691
5746843,6045336
17100149,17268291
12379616,12632477
12027262,12262489
5770869,5928872
10551268,10852114
11201908,11357321
12667433,12824930
17340312,17470218
31513644,32129494
32480921,32733426
38549780,38676542
31808966,31937734
45477516,45632653
6272756,6493840
8552265,8751652
12443574,12625756
27976006,28144307
37700277,37832525
40040453,40182925
16026309,16155446
24375845,24505635
36442606,36666379
5420083,5597988
8941692,9281257
9648467,9794029
5401435,5556682
10556789,10854969
14438596,14699570
36163575,36293941
45813597,46051868
52964533,53148707
50066207,50576225
6604255,6943985
11985786,12167114
5721320,5945123
21283776,21472187
7204307,7426851
8571079,8795607
15800195,16056616
21434519,21693810
23969387,24149006
10858763,11081959
11361130,11512733
12781773,13311910
10487119,10761099
7377925,8715932
6813725,7017990
17972740,18155531
12620816,12793154
17710586,17863652
19262346,19484928
19997825,20130546
15395265,15525749
17264449,19234759
5615760,5792402
8723640,8896626
13399621,13571149
14710416,14831053
22101957,22400716
12444308,12597022
17703652,17835925
20197221,20410872
18355440,18547972
26451653,28849847
6671547,6851258
10372137,10654739
5774953,5963804
13828779,13998204
6846039,7035665
12090344,12373680
5605613,5818850
6248172,6853924
11304890,11466265
5568353,5836573
11329207,11482291
5523554,5809834
9386561,9526060
16339936,16553732
24660428,25280874
26668426,26878355
12891412,13122888
7701694,7905491
14609184,14739255
10222694,10443560
6847868,7243733
5202617,5369089
7832132,7963860
11561853,11778207
9843591,9981234
11586965,11713151
5052624,5214078
5080096,5244145
7988324,8236903
5329667,5497743
10042920,10763065
9985111,10148872
16297290,16541889
5119458,5306747
25309227,25588889
15281953,15431966
4999213,5200946
6123401,6427121
5057632,5212259
9483477,9655641
11502872,11664858
5650277,5852914
9000112,9159740
14385728,14568709
19858031,20054848
9423197,9771552
6291603,6569119
6056090,13158987
11275684,11412965
5998005,6159451
5570880,5765571
5336042,6140260
5168541,5342718
4955763,5107718
5191143,5411007
5423325,5645250
23296597,23496505
9542042,9656791
8355981,8488807
16482388,16688101
6926713,7265265
19671487,22461198
28525904,28723555
5232518,5389139
5669797,5819600
10399784,10689499
9476887,9660060
6218669,6599531
8076232,8226003
13480449,14458467
5433048,5584518
5586537,5745637
9176266,9300631
6645294,6842358
10875428,11016651
17606080,17802025
5532854,5780030
5246105,5467448
5233735,5375877
5020493,5179706
5866710,6043924
9010268,9143182
9152328,9376591
11630302,11784534
12137889,12342390
5200112,5367113
4800774,4975766
10534985,10676172
13278370,13771319
13576662,13707945
6182349,6339437
4892706,5036016
4914028,5063103
5019751,5188874
5420913,5628665
5211421,5449765
10959929,11147531
4918307,5782753
16555835,17038336
11859838,11987869
15786237,16039904
9752461,9916154
28789659,29161350
5652193,5855824
5807486,6035806
16852144,17104048
6407679,6597281
18057421,22610857
15957623,16077553
15740498,15961009
9904414,10092190
10814253,11045401
5450644,5617947
5694322,5899686
6154603,6490648
11363743,12314334
5920739,6121027
12333951,12466294
20391639,20611531
19402043,19587851
12058160,12204451
9985741,10139275
5585827,5829862
5225913,5396154
5752787,6034289
13289237,13530130
16427149,16908816
13269306,13416882
9808183,9948265
5263959,5481379
5216869,5475056
12009582,12181168
12039780,12567194
4911139,5096422
11079505,11218642
11050256,11300581
18667170,18809210
27200419,27327643
34644136,34877105
37470673,37948487
22967193,23119180
5751687,5936010
15231747,15374646
7988554,9030928
9570642,10459725
8726184,9794446
5520521,5681113
6933708,7125144
15914826,16101751
20124080,20377392
5923052,6112559
9019786,9151044
5705649,5914775
5491168,5694857
12767196,13017870
20518934,20674234
7087561,7232670
14354344,14533243
9320228,9550726
5338480,5560199
15221842,15379655
5560546,5759704
4973234,5117028
5502717,5699084
4962829,5113176
15760158,15925770
15473529,15591214
7471797,7670862
10798527,10925555
4691869,4832669
11406412,11592398
5673444,5866443
5113291,5679772
9801881,10088763
11881752,12127780
12178850,12321516
19513183,19636861
36690072,37202983
34218681,34575992
13078272,13206945
4907330,5068809
5177718,5341953
12151382,13513500
5307118,5495315
8251325,8369963
11049823,11291636
5193289,5856094
11668352,11863941
9384478,9515288
12988238,13378497
5701591,5914206
5397896,5581453
9695599,14937021
15730093,15914516
15191721,15375831
14815804,14993991
5440595,5610130
13202857,13428362
15964371,16097031
11244676,15591315
7099031,7255467
17303499,17687926
22203195,26844681
17559153,17682836
11581630,11792449
5275765,5485699
9067246,9299071
6327170,6632379
9738378,9878324
11775086,12636506
6580804,7142015
5378153,5556815
7847045,8498243
4972764,5139109
5511872,7666166
22996522,23273421
5492373,5662390
9702343,9962233
13135311,17273345
16206936,16330754
5583261,5801251
8857504,9015629
5381412,5502945
15345202,15834811
6810900,7020300
13585398,13720843
11694094,11911006
16056207,16204068
5264795,5445655
7837042,8050730
4820864,4968211
5130286,5302992
4912705,5080297
10528416,10739156
5519505,5658641
9923555,10058243
5187649,5373031
12594702,12789211
17958908,18226977
16088660,16309719
5961108,6183787
6806131,7145905
4799689,4943871
12578477,12758668
12885256,12997736
8721970,8849294
5025079,5236226
4745696,4871829
4958656,5101098
6763586,7528960
4883363,5084201
5180239,5349273
8109863,8286747
4844125,5007462
17401692,17549619
4816983,4960449
23109719,23263199
5406351,5558270
5238123,5461983
7318389,7603764
7169865,7864295
9307550,9483578
5959772,6078231
23426477,23541279
16290943,16473703
21948855,22069261
9989901,10139338
12411647,13121147
12014425,12227371
9136853,9334881
10656663,10777987
16848085,19000297
23324706,23443444
25464562,25589759
5668120,5911875
5347629,5492113
4783854,4904467
5004933,5167456
4711852,4820590
14356625,14483213
10317625,10443667
6470547,6639114
9180331,9386401
10151173,10295019
10018909,12099022
10734417,10857121
16978275,17175432
20668426,20784461
16670141,16865338
20793414,20944765
39650185,39865925
27079208,27250506
43693110,43893895
43187109,43288365
12056303,12282752
22227404,22709479
24116178,24273204
31543367,31791974
35004102,35259655
55036365,55216055
59705514,59919262
66278613,66694429
78880780,79694919
6112409,6421604
18753965,18894732
25168183,25298235
22772367,22928958
26467067,26585193
35214879,35341005
32327444,32504172
8061971,8332773
7233806,7367795
12005410,12190381
15496172,15655498
36070482,36306098
37135172,37404938
38038301,38209305
16369213,16520859
17100936,17221054
18715121,18848457
31978303,32181986
39003174,39128684
47046714,49211923
49454247,51937576
47721493,47918763
9414240,9683955
16711378,16835409
71854360,76150179
66738598,66869218
67624883,67739260
72370336,72478933
76133827,76238179
13229308,13568278
21892284,22049392
26037273,26157915
32055144,32172704
25164857,25271964
30078647,30286593
5639680,5938940
7741382,8018928
19492794,19650439
41182629,41647153
35330116,35445714
44521979,44637585
39692835,39859663
36262385,36470031
36875701,37046611
37798210,37957573
26765728,26928289
23012015,23175967
19352008,19451886
22294963,22461384
43989981,44210297
45646196,45812627
44062759,49037384
49287301,49451009
9516331,10481208
20806423,20968474
24442890,24617282
28192716,28364744
23715537,23880699
40446659,40681073
37285304,37435158
34078013,34247841
6047778,6314342
11355767,11474239
21459255,21612401
25085932,25209132
42564850,42737994
38101224,38207256
44260532,44436430
38278716,38466955
38076286,38205963
14564930,14733420
11987695,12146374
22534092,22681360
28799203,33808263
26221230,26368402
27865361,27975715
40083075,40198233
51547566,51689284
54998341,55102047
19312226,19581617
19891159,20106546
26931993,27067141
42135668,42349047
45539470,45745001
38287125,38399313
41332271,41446525
45304606,45472917
43384780,43556244
12800066,15985162
28949484,29405434
32929682,33081053
27431022,27556479
30936686,31055970
36259281,36463258
38201177,38322898
40798726,40908780
5653809,5854257
16284425,16520162
12545370,12652542
13251042,13364884
20365310,20526080
20893125,21088495
21386372,21548935
27831105,28007153
34277545,34408402
45639375,45777699
46140986,46312571
41781810,41887533
42673352,42796069
36120457,36223610
11984025,12247050
16343923,16468210
17389365,17538637
22606236,22715031
30334162,30509906
40176075,40319214
48667806,48859639
8454877,8637333
19701190,19845237
27964280,28068346
29655559,29809728
23157658,23261279
23850419,23976442
7920623,8157375
16177639,16323145
28484457,28671800
47643793,47886144
34199208,34303580
45953835,46115430
53468639,53750171
61979407,62333860
66760226,66992254
5650214,5856342
5681754,5950779
5340300,5552998
6752324,7002000
5946039,6111514
4978683,5158511
5222906,5410575
8298964,8459447
10955651,11077009
4809393,4957616
10844374,10986408
4953115,5114914
5254315,5508543
16613382,16753689
11438271,11577443
5326227,5543850
4840474,5026790
10501794,10637042
12188178,12343268
8601773,8764270
17776584,17968908
6980878,7140367
19435385,19663892
8810739,8959176
21381323,21580814
12413864,12566920
17659597,17847706
8953916,9154537
15732182,15888537
12366469,12473651
5315576,5494508
19939949,20116499
17680433,17787119
13290952,13394932
4963961,5209043
10497877,10611525
10936200,11210014
16978638,17128632
12719549,13423914
5488695,5688612
11202290,11629612
12831641,12942557
19595690,19774855
31730016,31923399
28633274,28765871
10045970,10239074
14780328,15029428
13420869,13524089
9448962,9670212
7166443,7268273
5140778,5287835
5752092,5877020
10373589,10586919
8192166,8438024
7996282,8150995
16697351,16877856
20125898,20265859
8719326,8872957
18268332,18398541
23427375,24071933
7685043,7822621
17516240,17749622
5879463,6087333
12643063,12830791
4897802,5154043
19002813,19116786
11597592,11706068
24087608,24331663
6236622,6503046
10491357,10767888
9937925,10135209
6416656,6599564
9500878,9653636
19628952,19739077
20863658,21071468
31243513,31446014
23708307,23817610
9034232,9241638
7202654,7407498
5143203,5326523
10746889,11103778
7554010,7761177
12473763,12635641
16241226,16358449
28165520,32702867
17053173,17234638
24453747,24576905
28435915,28717880
5643685,5860330
6031402,6209093
5920759,6075086
12198900,12489761
5447296,5608216
4924507,5074733
5140873,5371396
5635145,5880745
4947932,5075295
4809481,4946793
7504566,7716946
6776802,6924062
4709104,4864578
19219588,19350907
12726512,12920724
5302680,5489625
8753192,8985333
10318164,10451582
5009150,5246083
4955779,5133966
10545838,10692536
15770917,15893348
20764089,20878846
22829397,22974155
5342643,5502288
17073472,17331995
18747677,18880233
20682958,20817692
12321101,12496136
5551234,5753856
4717920,4836001
4609677,4731424
11147773,11465457
6290190,6473846
9431168,9580945
14999986,15143419
8582273,8735765
5040548,5201044
19759397,20029089
17795174,18041606
5605173,5816443
7121145,7277026
16384839,20284324
24240191,24372158
29413839,29727521
23166940,23293321
30641691,33699048
29854706,30065891
18746940,18893109
18192162,18389231
5940063,6156273
5617072,5822317
4938526,5084506
13889555,14185602
8659693,8797428
12696662,12920109
5748410,6015707
4635095,4784609
12320160,12425449
19408900,19522207
19138634,19243507
13896809,14093257
12247792,12446904
12056734,12185918
6545759,6725144
5739399,5992875
5919263,6074344
10220898,10419012
14261889,14371874
14511037,14677888
6055623,6206730
12928237,13123503
5293314,5502072
14352999,26480553
6364886,7197136
4914163,5025746
13965244,14280499
15564489,15691999
15127385,15227618
4593619,4722844
10239974,10445304
5130988,5348266
9272984,9431763
16104527,16319921
6152048,6316725
13481490,13653370
4004781,4147075
3573096,3664176
4219523,4403065
4473208,4762129
4239970,4391715
3993378,4162950
3716784,3875081
8238237,8332187
3968932,4096540
6524644,6680574
8294052,8375530
12262547,12339082
3736548,3848477
7838015,7940591
7422801,7541148
4230031,4431686
4154336,4335514
7269591,7400200
5346347,5465191
6969097,7081697
7724953,7829427
3602100,3685657
3748148,3868874
3695951,3829481
7630903,7746590
3741824,3872171
3890189,4085064
4233025,4464426
8997856,9157631
3617440,3763712
12016982,12575795
7369170,7468781
4177788,4395228
3688392,3780114
3763107,3852967
3761217,3901842
8251024,8380549
3910800,4032765
4172326,4361637
3807471,3899477
3655089,3783829
9448192,9588461
16066242,16156429
3629755,3713672
7713004,7797346
11717204,11802960
11045930,11191487
3802377,3926157
3828312,3967650
3646930,3776184
3817128,3954434
3702082,3814128
4315239,4495600
4415849,4675371
3732672,3845140
8679787,8777232
6488738,6603520
3684382,3804605
3565173,3683920
7773738,8034505
3705062,3863549
6231756,6399760
9889208,10021863
4720086,5295754
13600164,13781708
24424458,24673924
10499180,10669568
7054236,7218602
8493664,8654913
15721736,15953254
4769031,4914706
16607161,16764436
9916265,10144576
6496401,6645385
10419836,10525354
25650597,26077956
31455632,31619236
21556325,21738153
5381628,5589273
9118355,9335273
14647645,14816179
9757478,9930109
5674238,5857384
5525796,5702216
4805218,4915164
4630722,4754354
4539402,4643981
4541415,4695479
14279642,14417100
14314082,14410971
4736272,4890052
6398145,6970890
4789224,4992375
9006025,9189916
6303178,6493423
4460638,4593067
4597973,4751382
14084494,14228440
21292883,21548248
21354379,21523037
5191755,5400374
9100744,9310333
8758482,8949906
15118795,15261498
54612415,57322392
26735093,26885147
26831728,26939337
28608219,28714338
27766611,27869353
81502876,81604091
29757281,29854826
5162800,5401114
5349059,5623122
10732910,10918240
16103750,16356774
22917149,23089748
8625997,8763230
29086786,29193639
26003901,26159568
7183215,7469312
10016716,10168757
16796913,17125126
5415479,5545472
26648877,26969949
23139020,23250965
14412096,14539588
14522159,14639528
20089087,20235008
6017271,6455780
4840416,4946974
5175661,5397327
5169135,5359357
9160087,9326602
25228047,25403827
31832883,32263208
32890430,33369517
6158982,6306284
12204747,12390937
4855782,4974957
5848315,6087743
5479697,5671005
4551203,4681569
4450651,4560571
19038914,19141806
15310392,15410143
4459314,4562444
4446111,4554020
4553343,4663735
14286867,14705096
13333436,13450705
5172632,5373143
5363197,5480617
9701386,9857251
4577330,4689489
9394540,9502266
4841162,4974519
14344886,14550434
12608960,12717804
18036844,18146153
11516416,11638507
25193703,25395481
9373848,9531621
9393383,9527103
9433113,9625152
9605218,9762064
11860382,12013128
17313541,17441268
22390201,22500965
37011555,39850529
41083479,41259441
42862900,43019636
50293413,50411234
57653478,57832010
68125086,68294428
19311557,19510145
22726377,22862439
31220795,31339184
39268612,39393852
51249058,51351674
13710592,13874463
21314011,21430400
23666720,23829457
30492061,30612517
6032080,6233381
24441577,24665987
25725519,25839120
34099974,34203346
26442590,26616206
40369809,40522827
32945008,33047050
29070631,29176215
38642161,39219854
16429800,16643664
11938717,13075525
17061606,17199377
21036315,31485747
22769500,22881388
23910878,24016711
30610566,30726126
39296597,39427835
5357130,5574215
18374099,19158350
12986467,13108431
10873291,11009447
14873013,14980670
18922636,19029165
21484972,21591479
29324929,29481510
35254329,35356734
5452151,5657039
9541558,9732479
13804224,13949522
17187930,17393192
31958338,32150957
32410590,32521227
27645165,27791997
38938344,39041751
32474232,32651913
4696418,4897672
28601651,28787179
29577338,29688866
25451005,25555364
25354705,25448646
22068517,22264750
28365022,28543245
5725997,5921537
10050393,10236223
22362773,22545406
30773073,30999708
39525749,39641047
38952489,39376411
9701053,10802127
18360764,18549159
27760013,27886810
42017467,42169203
48674940,48826871
57469019,57598530
57267927,57366559
64173783,64801851
5675265,5890195
10561931,10706545
14957920,15231451
13959438,15979701
32291365,32437194
19396703,19532428
19238971,19406491
24312959,25095492
7587476,7703946
11627108,11791376
16767182,16918033
25559956,25673203
33328457,33444974
33576709,33685403
13983448,14131115
25710188,25876142
25033576,25140159
34593201,34740908
32630894,32746043
35910435,36065177
35025570,35133738
27612232,27719354
28102274,28293945
10821522,11123285
14372432,14499855
17775656,17907274
35703125,35910723
28901047,29034745
34240457,34374489
41884708,42078246
31585608,31732201
35056431,35202756
8820623,9372954
10882865,11111462
22694519,22873084
26147997,26285093
26526187,26646285
38158022,38300703
28685086,28864652
25664532,25795479
29774147,29905199
11940739,12127783
15815976,15955784
14982923,15109069
19517037,19647034
26924935,27049158
34820865,35020235
33246307,33386863
39560560,39697646
34901948,35026157
6570351,6738198
16096559,16225023
19053212,19188431
21985369,22112858
29479654,29618470
37382321,37520927
35492724,36045879
40975261,41142390
35296560,35430858
5095140,5288273
9432577,9661277
13853985,13988478
14949922,15080305
5215199,5412339
15689416,15886896
18555479,18704111
15235306,15370355
16921340,17064702
18163061,18359400
10813066,21871870
4660033,4790510
34264008,34392915
39885361,40471746
19167338,19314157
4909442,5007163
15406326,15546203
23731069,23896100
5400679,5615345
4527621,4646113
12378493,12639700
28376243,28520640
36709463,36859434
42872910,42981136
42909636,43005209
5112487,5291646
4716814,4840055
8375055,8543873
9413999,9514827
5022510,5196723
4804395,4910886
4565592,4679088
9115398,9245169
9178528,9277189
5310489,5492019
4596021,4718167
15282514,15436940
25538280,25758312
25680588,25889388
12360943,12544828
13720506,13869425
14628665,14825910
5063679,5250857
4527825,4719438
10587799,10796473
6785862,6925791
9508431,9697553
7037553,7254715
15424996,16342920
25516473,25832772
16473501,16591130
11610227,11835693
21657943,23864436
17387461,19956391
18478959,18593144
23964190,24187499
5034784,5231358
5256586,5460699
5022531,5199625
12338089,12486325
4558354,4673458
22918500,23041343
23313922,23439130
23500531,23608738
4744707,4851703
4783133,4915925
4904602,5074110
5250254,5502252
9945387,10093757
19051458,19351856
22533869,22647609
29580093,29697393
28687397,28863827
4761820,4920882
6438281,12816357
5235850,5441942
4881349,5017688
4588630,4689641
8622828,8737717
5225081,5394796
4470126,4569168
4556068,4668445
4650568,4757639
5352478,5610339
7621761,7778844
9279879,9461969
4547557,4704693
13456221,13583465
13764909,13893972
8963107,9125543
13912543,14047642
9970237,10114537
5337371,5543804
4969817,5139169
4599382,4740989
5585965,5725260
9533976,9700547
16659848,16802814
19803253,19937475
27932223,28132034
21698663,21939714
9415638,9663761
15067252,15249951
12090158,12202462
6242709,6673437
12805010,12991104
11813488,11924698
17819403,17929316
23392593,23507521
14853723,15000403
10013558,10201273
4566157,4680018
16385664,16957225
4604219,4746563
8615839,9183015
4881337,5023547
8664421,8787867
20098892,20232725
9923282,10059512
9222465,9400110
6393137,6577884
10415366,10614024
9545472,9666741
11011315,11167520
12070534,12223314
11770166,11915572
22740663,22916079
4994292,5180168
7998595,8149987
9245555,9348099
4836885,4964815
8174303,8293132
9417365,9521613
11395876,11532710
17084962,17191803
17572778,17671663
4963971,5131698
8403600,8653084
13783941,13885087
10544172,10646857
8735384,8862704
9723509,9824118
4947910,5091381
16065903,16188992
4769925,4916077
8324443,8516981
11862471,11972038
13903926,14007522
8240901,8514296
9842497,9942353
4526236,4633393
5143031,5333582
4544449,4675122
8647960,8777207
9349579,9486686
4750512,4939618
5599396,5778519
4669284,4805222
4550615,4710932
5410011,5635136
4997807,5174064
4657233,4839706
9827158,9965460
15491725,15680170
17859749,18005072
10304832,10437654
15143885,15278976
5133254,5345540
20884505,21143839
13062277,13200278
8117623,8244120
18924906,19044493
7519494,7722280
13332779,13555456
19293674,19432277
14584119,14723092
5034335,5180580
10155189,10301445
17742333,17883233
24808450,24935237
26960604,27123892
4960923,5113384
9583190,9724750
9161681,9283651
18095243,18295218
24864450,25006825
5149156,5360205
5242439,5449061
4553473,4665011
8378086,8534669
19892826,20016307
5352836,5465215
13597908,13986543
5226721,5412949
4556880,4688925
4540233,4679674
9586205,9685781
4926913,5136114
4473575,4652238
9778392,9915117
4826477,5000514
5021839,5239787
7236282,7378992
9172038,9355344
5815271,6213150
6956157,7142659
11718826,11843658
12983390,13112997
19491911,19637598
4701816,4842883
4581425,4736740
6487378,6653717
4536452,4671248
16325708,23053119
6320999,6455739
12850791,13030442
17741031,17868254
18761263,18860804
29009158,29122614
23357458,23492016
5043553,5225592
4594204,4697542
5093030,5280420
4469414,4602332
9736078,9873347
7951570,8107554
8629504,8753833
14530915,14655284
5160090,5375823
6989633,7119630
9087447,9221198
5282828,5519691
9057750,9225796
11486155,12109576
7699062,7932205
13971048,14102713
15009184,15127663
4703789,4843045
4613322,4757968
4520366,4641912
5111726,5350987
4889331,5072037
10511641,10684304
14233903,14445301
18003807,18172890
19758178,19895269
4617813,4780931
31808911,31996596
4759654,4888896
4626957,4797034
4593796,4741562
6564647,6747273
17961369,18148078
14485933,14958716
4910760,5409225
33134421,33296578
14321963,14442441
10238635,10362620
7866068,8063321
9699772,9834687
4448281,4655675
10999053,11128616
26030984,26218916
15121279,15249767
33468815,33609110
16317858,16450366
12638271,12830458
5679908,5813918
9152036,9291128
5406289,5586564
11188616,11401216
7079569,7365508
5576415,5721986
26668727,26852462
27865864,28013218
32855380,33008725
28554887,28686199
19658704,19794757
9021576,9215998
10153159,10296166
4800562,5016642
14904840,15088764
11824184,12002186
11774739,13064074
7643924,7785430
16956811,17091870
31523030,31636421
9001415,9195035
6175385,6272125
13179371,13378081
15203491,15313693
11298180,11398799
5233693,5346093
4445783,4550395
14464743,14623379
4591986,4695117
6606939,6756589
10101593,10292705
9392838,9541082
13188657,13296280
13999889,14171625
4506579,4643689
8265773,8440877
6050851,6182177
5573835,5740684
9791434,9920544
9176385,9373036
8452655,8585771
19301436,19438543
15573240,15731428
5011020,5187508
5186542,5388118
5066573,5284333
5077365,5271950
5937160,6189867
16829135,17450189
13827654,14134678
17784468,18010118
9562960,9873808
14532510,14662652
5373452,5618444
5255497,5436181
4555523,4661643
9411842,10260116
5405404,5517682
10410819,10594568
5984127,6239725
11828868,12089443
7687186,7802994
3946720,4062577
3864086,3991849
4218810,4423429
3816792,3988117
4277187,4514110
3771831,3888659
9311263,9441776
16267956,16487643
19770630,19868120
34097425,34201219
30853208,30964149
35365416,35462465
9308185,9410619
3803684,3891722
3938006,4112202
3889246,4001028
4107832,4269830
4224216,4412408
3700256,3827725
3759983,3852105
3606752,3696716
3703220,3795981
3670616,3765946
7760343,7856085
3542758,3626227
3843397,3976708
4060041,4267470
3752680,3877746
3914333,4100013
8314031,8415779
3671586,3763820
3963764,4084435
3626352,3725915
3620234,3715018
3705061,3866454
11090909,11172288
6420950,6533070
20017583,20164974
4291688,4449849
3827398,3954713
3788320,4059618
10034501,10113828
12425523,12517616
3899054,4063594
4151749,4399292
4406927,4698064
3824709,3964271
3995759,4135631
4013057,4182891
4102708,4338861
4536680,4783375
4339287,7173703
7485378,7604017
9694364,10236638
4364507,4621127
4215731,4451773
3673807,3842501
4162976,4414444
5102828,5419095
3959372,4141251
3602229,3890939
3706829,3830421
11405940,11553239
16604681,16699243
27823344,27905883
25020610,25101134
32715865,32906871
4060013,4235649
3769248,3861670
4440801,4677885
3787760,3878041
3697339,3779393
4271219,4460988
3608407,3693187
3586535,3673939
19285688,19385251
14886301,14966243
3659392,3748764
11487432,12133649
3706028,3799683
3455607,3536472
3690162,3797148
4084773,4317593
4184135,4385587
4077277,4258033
3914284,4045574
3818791,3949873
3835597,4010294
7929694,8016824
3789840,3872786
11562370,11684840
12070836,12203029
3878557,4095501
3940230,4052982
3651771,3760943
9590064,9703871
7317196,7465804
3951371,4082863
3877326,3981788
3683074,3770143
7593627,7670015
3747817,3863764
3609189,3729730
4012516,4162404
3674495,3796102
8044898,8221247
3735222,3823933
3884417,4042085
4231196,4479608
3757008,3843899
9693804,10241151
5580595,5691176
3757815,3870517
3889961,4004982
3668629,3823642
7578773,7909857
3927557,4015214
3735218,3863823
3966088,4174718
8179123,8300712
4743287,5086096
3614365,3724018
3843889,3985506
4301323,4414606
7216098,7347785
11869708,11984275
9207910,9405446
12174600,12359865
10666855,10794442
11397987,11758357
5347277,5515407
15145605,15287367
4562852,4670861
3672994,3798606
4075279,4245141
3632644,3783859
7761402,7895291
11961894,12096065
3790305,3945698
3631006,3752744
3606495,3750894
3578800,3709522
3940856,4130993
3973892,4141994
5357889,5475158
12211382,12353878
3603493,3728924
3731324,3848588
18062806,18239913
12542604,12657374
23677767,24335106
12584599,12702258
3760757,3893765
7547548,7759413
4286727,4397184
3551822,3682057
7617999,7794590
3621694,3736075
4949018,5360024
3852228,4002025
3556634,3660750
3541192,3668044
3889916,4091458
3687795,3826252
3685761,3799569
3609318,3735517
3917498,4121765
3728748,3901786
8369406,8517436
3658545,3774530
3668922,3769564
3720193,3832069
7747360,7873880
3548789,3663979
3784287,3904777
3640537,3760708
3848307,3979499
4093027,4304424
3579381,3700436
3838227,3941906
3687424,3794604
3722434,3844878
3590548,3722385
7605541,7773436
3656328,3775823
3804627,3926577
3910864,4045684
3596448,3692266
3822957,3992214
7872000,7974446
8517950,8643126
18242165,18394733
6600110,6697324
3623235,3756139
3683149,3799158
3977099,4143411
3895843,4072830
8028610,8151220
3932580,4047044
8438077,8591700
5147235,5284438
7198171,7310059
11918783,12041701
3990015,4133176
3667672,3782424
4138304,4308038
23737057,23866821
15940344,16049316
16371998,16497132
21976672,22142668
31566157,31682614
7820863,7974408
31179520,31310620
34416208,35002556
3652262,3731973
4113912,4301076
4189777,4391320
4117567,4317723
10924385,11054848
5750288,5892992
3752163,3916082
3621526,3753029
3698838,3810929
3791472,3909965
3583053,3701543
12117070,12292725
4313283,4549429
3955976,4090144
6505840,6616450
10829776,10989511
4214047,4331761
3749031,3937325
8088247,8204980
3869144,4052320
3848293,4072414
3639274,3722988
4221278,4403667
3722494,3837149
3719468,3859660
7745704,7856320
3963861,4080759
4411385,4672365
3657512,3779304
4069429,4255345
3832055,3999794
3862409,4023714
3616417,3758479
3684934,3792659
8884515,9021950
3694109,3803621
15789325,15903963
3661038,3783388
4184501,4387859
4072895,4255812
4681082,4818584
7750946,7892433
12411725,12519546
3697522,3820366
3643715,3774498
14751930,14903586
12930161,13105196
13433314,14082727
4051247,4246218
10116534,10201917
12907283,13004253
4088032,4225602
8433458,8526608
4287710,4543303
3697702,3840129
9448934,9549172
3801660,3892637
13955116,14047731
23883789,23984197
11808405,11885962
4039298,4229215
16632318,16842734
9738255,9822657
16669381,16763048
14557230,14659433
17383093,17471364
4235304,4382842
3979681,4129492
9767755,9955222
6095537,6176488
12921322,13059803
4118647,4266269
4628495,4908972
4132430,4286416
5136218,5444592
4306568,4526260
4103823,4300410
4243369,4444781
4252167,4453439
4483590,4716069
3889677,4030576
8119239,8227932
4137492,4294820
3733076,3832319
3741381,3835422
4769019,5008157
4202771,4353236
5578693,6088311
3936803,4042049
4023008,4140620
3829481,3955549
4167139,4327001
4020342,4216207
4142502,4302227
4441993,4644994
4058369,4230088
4223465,4359771
6767441,6878178
7877552,8026751
4916346,5022472
7925702,8030510
6388078,6653391
8596687,8714631
4175760,4317600
4382246,4585563
12972908,13120126
9481972,10119361
4447209,4724974
3823303,4035829
4151587,4308469
3739697,3865098
4069392,4299054
4294387,4522631
4401413,4661282
3996238,4172969
3854905,4005022
4156379,4407777
4185766,4380372
4231792,4430099
5568608,5842903
4035401,4192212
4129552,4325702
3796060,4010791
8002820,8101181
12474328,12576691
4234205,4426534
4096151,4299943
3831776,3961777
4117947,4272437
4312660,4568260
4184923,4335329
3662637,3787423
3900233,4062311
3635678,3725896
7874040,8005907
3542683,3624843
4285183,4492373
3628979,3718876
3614551,3715481
4127652,4337851
3783653,3874445
7761623,7840176
10488196,10662693
11983285,12115740
12780212,17525695
19147244,19316271
11801506,11893006
26394065,26606068
24381760,24668172
30016427,30140912
27929513,28078877
29381337,29465440
4555025,4783044
3996547,4141625
4224468,4445425
4284313,4502518
4124024,4276889
4859675,5201646
4181527,4384647
3925244,4041685
4154428,4305938
4081472,4234254
4245876,4439197
8558056,8672206
12546900,12720075
3832196,3930525
6412993,6509650
4266529,4419238
4068563,4223811
3955374,4092112
3522097,3600803
4367635,4480437
7190562,7272665
11819650,11898196
6285153,6423721
4014959,4172066
3655808,3770578
3704636,3795697
7733539,7810343
4191308,4350676
4222338,4376571
8402264,8498862
7192890,7351540
6291764,6392376
4221555,4367895
4474048,4581555
8957701,9062086
11293506,11406586
15514020,15666814
4162602,4355755
3578514,3686397
3571443,3654961
4015085,4248344
3793653,3880107
3924477,4069577
6406034,6580721
7932026,8063988
12377309,12515769
3723305,3800048
3540533,3658297
4511871,4799468
7623591,7817848
7911092,8008099
4385219,4564900
10268047,10437090
12187989,12287433
4511813,4791028
4335164,4579550
3740093,3925126
4109226,4575269
3746655,3845061
4407774,4659436
3863131,3970089
3830159,4048155
10543482,11147972
3614338,3743138
3718888,3857548
3880725,4019437
3672344,3781092
4297781,4573147
4444064,4666789
3861638,4006721
6373621,6499125
8179430,8293215
5475972,6033973
9843787,9952584
3768983,3882933
3929415,4104770
8039928,8169155
6446930,6632143
8379423,8486592
3881575,4069340
8046634,8165559
4078880,4254305
4101333,4287274
3672066,3823546
7857229,7989737
4323081,4563956
3593733,3702020
3735643,3919455
3871240,4058418
4044696,4269080
4114852,4292504
3596606,3734491
3705955,3825795
12910595,13061907
11968395,12076172
10534387,10683564
8153996,8311658
5733887,5847590
3740634,3879595
4909197,5166006
11883517,12002642
16479247,16600309
13452501,13595511
3956901,4127860
4011762,4193243
7410662,7625752
7211590,7408569
3784184,3909423
4212680,4379819
3854020,4041405
4172181,4348213
5692863,5996740
9258973,9395958
13466059,13579858
17848400,17960370
3788885,3983913
3701804,3830344
10056566,10176606
20642494,20778233
17597594,18152021
3677744,3789314
3651012,3766705
4150239,4370198
3701010,3819174
3672766,3798527
4125454,4325094
3920087,4073883
3643817,3762231
3727017,3839878
4152533,4331464
8250243,8375860
3477851,3636974
3859772,4052930
7869578,7984858
4367777,4619963
4159297,4316566
4334889,4575449
4171175,4320170
4183639,4346826
11829511,11991357
12441662,12615266
13205197,13308446
4198049,4447779
4131885,4309011
3967785,4110660
4152895,4304670
3815190,3948374
4728781,5020283
4060671,4213206
4134540,4299503
4212579,4374122
3789530,3941823
8516627,11153943
4117000,4377477
3679445,3777968
3761300,3850867
4451830,4651732
3900060,4047051
3732535,3828667
4106722,4245719
4063878,4225781
3636557,3729297
4505979,4739951
4190487,4383150
4181159,4385183
4249254,4415649
3705609,3788579
3615786,3698383
9286281,9373477
3997233,4073214
15834296,15915363
3901026,4056348
3829002,3973075
3641272,3728550
3660300,3741206
3761679,3854634
15397074,15473137
5325465,5403778
12510736,12994717
3922756,4045828
3807499,3896437
3671737,3794559
11992472,12199197
7704759,7788303
13800032,13873840
17143480,17235290
4109454,4304261
3989902,4099983
4014621,4180041
4311401,4556175
3669128,3788893
5435589,6208156
7073124,7167787
4138336,4212766
3569216,3645863
3974401,4129368
4242533,4417696
3706636,3784633
3588693,3704285
7804851,7918313
9002478,9171328
15485260,15566713
13353231,13472573
21077972,21484101
3850646,3939240
4098410,4294542
4248251,4442749
3644439,3765420
4046209,4275924
3641002,3757799
3960685,4113227
3802629,3983396
8798030,9038458
4191206,4387305
3853093,3976837
4183941,4380357
4234153,4419250
3867939,4097109
8693148,8782245
4143058,4357959
4032273,4247743
4061310,4286350
16351619,16463541
18586299,18702245
21035710,21118542
25318481,25453804
17996280,18104062
4158083,4345103
19583509,19695756
13035470,13179861
4114533,4296579
6953511,7143832
11997254,12133821
8049737,8138644
3725435,3809612
3776356,3913013
4089291,4285044
3726733,3858395
9365090,9613893
6369014,6979463
6835165,6954635
13894068,14026663
8150522,8261116
11817725,11923643
15869777,16024873
19287037,19379761
19575085,19700892
34645916,34729631
4152156,4296339
3659840,3740457
6378373,6492972
7274674,7351946
16721498,16805697
12884193,12967884
5608840,5691928
25774304,25880328
10905042,11066402
4072090,4204301
8325972,8414337
3820449,3967844
8723439,8860998
14093381,14209117
17397926,17531906
15801110,15892196
23340690,23437592
24324601,24448857
29232192,29391294
3773049,3898134
5507154,5969394
3623804,3707300
4066317,4245659
4688637,4776174
7416961,7549777
12183754,12268845
16327507,16409051
9850609,9973829
15018746,15090327
3688135,3865302
3693091,3806298
4347990,4654386
3861843,3968447
5652889,5740002
4116023,4277061
3845841,3934051
8057618,8199506
4256799,4454514
6924472,7016618
7383094,7471971
7817239,8057734
16657300,16766513
5479088,5629595
5281488,5404918
17798993,18040140
4206590,4385679
3607377,3701009
11797548,11941774
16313802,16512853
8568560,8681499
4121805,4292826
8062895,8201548
4061331,4216463
8122416,8855153
9130375,9450941
8043295,8172272
10348736,13509085
4130857,4262524
3915919,4052418
8140871,8219570
3999013,4125213
8475996,8561962
3595953,3783708
8105520,8223621
6845441,6972990
7676104,7749429
3919082,4148437
3996297,4120382
7607111,7788224
7952637,8072213
4498375,4708848
6597513,6728459
5226789,5581402
3626355,3711113
3726571,3797407
4066598,4241836
4106757,4260809
3688371,3760878
4031998,4159855
3565039,3647401
4468619,4681568
4121535,4334182
8717289,8791739
4159747,4288471
3721297,3800726
7619985,7691251
4655599,4784383
15296393,15436783
12141943,12209431
10579608,10644787
6873884,7193504
8009669,8084079
13156258,13267250
4212377,4387557
4185709,4333186
3740529,3857929
8296638,8422438
4286619,4447410
7900308,8086648
7965194,8057185
4081576,4275570
4215121,4340252
6891295,7107474
4814353,5070384
4059789,4243628
3953976,4060518
8428387,8516602
4147648,4270596
4460764,4665803
3964286,4088585
4312097,4431214
4352404,4522713
3867295,3964491
3981474,4101861
4191492,4310930
8346299,8440659
3740863,3820933
4223018,4385053
8893615,8972340
3631981,3703647
3926680,4029824
3765296,3862444
3853258,3953089
3609263,3682819
5062887,5138620
5393930,5499032
13096090,13183477
15706330,15777567
4087807,4222445
7985723,8087829
7924723,8076924
8085445,8196730
4452039,4655481
4409488,4661016
3769190,3909630
3597112,3704342
3771530,3849961
3662232,3737608
4350370,4564882
4184571,4371678
4397950,4601095
8719978,8799416
4079869,4246183
4034259,4241993
4206285,4343208
4338329,4514514
4170251,4300658
4202814,4332551
4099326,4226981
4095078,4235193
4128723,4305203
5270401,5622846
9705101,9789364
4314589,4447299
4376502,4582969
3866417,3984239
11701290,11783042
12379721,12510257
3944698,4069653
8498681,8680743
4172144,4297518
4221611,4367168
4418499,4614481
3856437,3971925
4228460,4407733
4226302,4354886
5132086,5454131
4150431,4299720
3787271,3918460
3603799,3678113
5073417,5495314
4013452,4128583
4154839,4323281
4064105,4188750
4122097,4251162
3997354,4105993
3718770,3809367
4080249,4255414
3736768,3851872
9565033,9637940
16548123,16629239
4049724,4218738
4086658,4255895
3787399,3911153
3690412,3797781
3866008,3993962
3809956,3961376
4121849,4246295
3851251,3962956
4035310,4155435
4227433,4441408
4160215,4339056
4083697,4262503
3940100,4104647
8702341,8918711
5875401,6529770
4122617,4253879
3730574,3820066
6101218,6306805
7552827,7666198
12601186,12682317
16955121,17059348
4098803,4283704
3661271,3773306
3966072,4176305
7191087,7353482
19689272,19807066
22808366,22965582
12733883,12848607
27848303,27949742
19094117,19264008
4091472,4273176
3714108,3830723
3701249,3797438
3709587,3816640
4107641,4270930
4024329,4188083
3678067,3787411
3855830,3987917
3911915,4072150
3970836,4141564
6225779,6372705
7198596,7305222
12550465,12674506
3686110,3888769
9538769,9646295
13796121,13932160
16464170,16567965
3858079,3996719
7691019,7816230
4276638,4463191
3917790,4036036
3712951,3834880
3844807,4035605
16054495,16174899
10487648,10576152
4115929,4300854
3676885,3797331
3855489,4025411
3636093,3739172
6172926,6344661
7869136,7970801
12218355,12378799
4038288,4176534
3877488,4021510
3697101,3801538
3782260,3904796
4068243,4245370
4282964,4370562
12280638,12387757
4369661,4583158
3668887,3763418
3671414,3779050
3656113,3809301
7952934,8066075
3634656,3748664
3656551,3770310
4116469,4299879
3670733,3765436
3704965,3817059
3825029,3981422
9522097,9716840
10917993,11006772
15423511,15533569
15440589,15615632
3835149,3937143
9187289,9299144
10666420,10807264
5049004,5147806
13153822,13305569
6652264,13252122
3728093,3796219
5444769,5509011
7585091,7663148
17474510,17585374
12696426,12781130
23273698,23345099
4658015,4764983
11748032,11832880
19636531,19728759
14663356,14747237
35357308,35437860
33656655,33730085
37943637,38028267
41771340,41876766
3731981,3845925
8540434,8677300
6566653,6651129
7661280,7731558
4196112,4262541
3624350,3723974
7835394,7903153
11861453,11966315
4224447,4384371
3703749,3833036
8737539,8826555
12455678,12582028
3774790,3891892
7802696,7893680
15667064,15744100
15846016,15935135
3720652,3790621
5001474,5073330
7493225,7570634
4187074,4364661
4019075,4225402
4115030,4325902
4310715,4561574
3635427,3720823
3722553,3815497
8097853,8174886
8634478,8707977
15830135,15898142
8444702,8538232
9430776,9933833
5259289,5423179
8307725,8420521
3723056,3845006
4077429,4224758
3898452,3999334
3861392,3989808
11494285,11604577
7396081,7476923
7596759,7741210
7864629,7938020
3880025,4563315
3845558,3944961
15612862,15687136
16483602,16554549
10505288,10591156
5074191,5510932
5881859,6380354
3783633,3881663
7852981,7931086
3843954,3983689
9811238,9973721
15106612,15222367
8421251,8514846
12088062,12153466
3791482,4093569
3732122,3835194
3761080,3891269
3917418,4067281
3644055,3921613
11145389,11255489
7738928,7848527
19045828,19121686
17366661,17933535
3776380,3868159
7667776,7855206
8171646,8341783
4109384,4279011
3817204,3934340
3754648,3874755
3810030,3914712
3714691,3796320
8038130,8186636
3783260,3925363
3697179,3828786
7671759,7734677
6726081,6864842
8086449,8243434
3717954,3862686
3554906,3650955
3788247,3931665
8190291,8291622
6756182,6907838
11153052,11247853
11544354,11663925
3730905,3805352
3831406,3960341
8043930,8145712
7112415,7216044
7978269,8101575
11492075,11573985
7702114,7852582
9485834,9649757
15268385,15401878
14118484,14212279
21254357,21515345
4130826,4331786
3771947,3904462
4176879,4360624
8481582,8642881
4259592,4438333
4346682,4507794
12117955,12258555
11511731,11599580
22712298,23264335
20459595,20648605
15265641,15393917
4209830,4385366
3694308,3794166
3800731,3951359
4320995,4526791
4037631,4223634
3931788,4102085
3954814,4131522
10917763,11031320
7659731,7754982
13930416,14087916
19741263,19864597
18454986,18552752
4050885,4190743
7788737,7890721
6727566,6956951
8356862,8482807
3733535,3869488
6945274,7050801
7701722,7806094
4713948,5056316
16784999,16946926
3716652,3825188
7886861,8048312
11638303,11750321
6788353,7017815
8199796,8299796
3886192,4007437
3712876,3869082
8012568,8134831
3974798,4114498
3904797,4082127
3649303,3764242
3725511,3905381
15372304,15489544
15503846,15601826
15907768,16009483
3645979,3775779
11359794,11507160
14431818,14575028
3603649,3714317
19176890,19317813
4068255,4250989
11464031,11573407
12384725,12480637
7044821,7159156
4953040,5068322
3671200,3793175
3848436,3990965
8009620,8120387
9573946,9783901
15079237,15190211
11568655,11675951
11944186,12075855
3848736,3978372
3876879,4018540
4232558,4392065
4077132,4242386
4302014,4529288
8458947,8593736
10126158,10276779
11641073,11743032
12068930,12227962
16845632,16992181
3659675,3760399
4167947,4340593
9008084,9097483
14261505,14349366
13103408,13191937
20899219,21008308
3840704,3948854
4266693,4450441
4347906,4527123
3779077,3902349
4145426,4283209
4178978,4332972
4113013,4290170
3785933,3886827
4454961,4571703
13382651,13466217
16299182,16384463
18753439,18827624
20069233,20196619
24591224,24672969
11711982,11890713
6854355,6924465
24192473,24313205
8492767,8566899
26232360,26313722
19062605,19142214
32295960,32669140
37411767,37486339
6795943,7030692
8464859,8578901
13725175,13850711
17311198,17388845
19768946,19845935
22282915,22356243
20073731,20201258
29636934,29723662
28234416,28724228
18343174,18461304
23486253,23610716
24482391,24567326
35496884,35577451
36076167,36160962
15036406,15114706
36519432,36636587
21747932,21892801
38250561,38327402
7566850,7692079
11862155,11940375
19675047,19764449
16525777,16695485
12665924,12740041
8546844,8636998
3959278,4076039
3758898,3854511
7118907,7191309
7829241,7917577
3813271,3917381
4373139,4617132
3891394,4018129
3656337,3751692
6420239,6566025
11651569,11774181
11318365,11423123
16701089,16775764
4347662,4577392
4157914,4314774
4273032,4472259
3993899,4145180
3553661,3679549
3979602,4133037
8059177,8157483
5293327,5400771
9530812,9603886
11617176,11689333
15862626,15938208
4097722,4272247
3881802,3998286
8060258,8159471
3745411,3912899
8246235,8425764
3570999,3657635
9946663,10041840
11846599,11980156
3578219,3687067
3976349,4128872
8313629,8515539
3685465,3797323
4335249,4536145
4079007,4300238
3706133,3886216
3729179,3864493
4067335,4229883
3602656,3720854
11319192,11415695
11773206,11883042
15778153,15889614
9836066,9926334
4212335,4389665
3733512,3857647
8901298,9024635
8359947,8455702
15332507,15425661
15313016,15389217
51515369,51703335
40920451,41076563
40933796,40996178
46442461,46525788
4082372,4213260
8582459,8676141
4231602,4374131
8429146,8501722
6294274,6364783
4228453,4444516
4076484,4194569
3853472,3991508
15870828,16014930
19318842,19393813
17587372,17667949
25063593,25182453
20603176,20687937
25574590,25640421
8739987,8806411
36246086,36330361
4099450,4220404
3870198,3967383
3683872,3767727
3738059,3842494
7769403,7860476
12506709,12639818
16015884,16092361
28345519,28417848
23449941,23526517
27439272,27526108
4284434,4512757
3829488,3933556
3735913,3832329
7523025,7599516
16943225,17041211
15714614,15814333
13369446,13502076
7592323,7660984
8935040,9006137
3631894,3725819
3987347,4101644
3720113,3791529
18211821,18346394
15078543,15212445
17250834,17321866
12207172,12589434
13281078,13357454
13962054,14046595
10197553,10308026
4239447,4416852
9915489,10041506
11763856,11836652
9279862,9343824
15098998,15168295
21813856,22273532
4203558,4353719
3870596,3976723
3583484,3664006
3569102,3640027
3685464,3837711
3987615,4121759
8343195,8483288
17776774,17913576
18574146,21869075
22177208,22268125
24907358,25023460
31335646,31473818
46691568,46769307
52614522,52694613
51636226,51717000
40049451,40160467
6424623,6598380
13222456,13290502
23814327,23908654
24001197,24081931
28758767,28836763
17778130,18053654
24103260,24535544
4215960,4346174
4301197,4556988
4253928,4453477
3580222,3652114
3786325,3860228
3679759,3766168
10153443,10269157
15831117,15900384
4039671,4183512
3867889,3942755
7920364,8058041
4018066,4168051
4147627,4308606
4063994,4201420
3910734,4022279
3860385,3946190
10496474,10576534
18446463,18525157
20272152,20351671
15930802,16000685
9422204,9522477
36441769,36515290
4000879,4247748
14377554,14526176
15874200,15962623
25559390,25639449
26836283,26922102
35816174,35903410
37122263,37197994
34761434,34916148
49962104,50135120
43815167,43916524
4132894,4254822
3851092,3965133
7803884,7882481
4160029,4242992
3585348,3656650
6913657,7117647
6665601,6770597
4272675,4470888
3935015,4050727
6834991,6918901
16215006,16409027
11809007,11922332
16147639,16215511
3408319,3473143
3670637,3742529
4028467,4144469
3755145,3838094
3632219,3715229
5557970,5968057
14496996,14593427
4110313,4283672
3549364,3644541
3661408,3745339
5159199,5497949
3808174,3896804
3943031,4077235
7870399,7963126
3487006,3557245
3827254,3949247
3411476,3498390
3854095,3987024
3622354,3692598
4191374,4317782
3952386,4066981
4009761,4151973
4198236,4334423
3646616,3719131
3612577,3703966
3497745,3566608
3971852,4093776
3847678,3953145
7681313,7835121
3653973,3727589
3924297,4076167
3936481,4064000
4272852,4460665
4002359,4136643
3846302,3946651
3848199,4023314
5897635,5975895
11905222,11984420
4192567,4378397
4064003,4213922
4141028,4305141
3705698,3786273
3594655,3660886
3729222,3846190
8186208,8268783
3542414,3612140
3860186,3936735
3662260,3736989
4236926,4462948
3990716,4188933
8049359,8155296
3931760,4052542
3888212,4044971
3866277,4006485
3994504,4122429
8226970,8310275
7271567,7380558
5360891,5431040
16119854,16209188
16650009,16777686
24769279,24844997
30960236,31030791
4591147,4709210
4142172,4217408
3843284,3982452
4715379,4866675
7705199,7775322
15766759,15891235
7763403,7839357
7199453,7287761
3634007,3757481
8118897,8263942
3718607,3804692
3484940,3570923
4067477,4244820
3874320,4023114
11357966,11481322
19452953,19527694
23677293,23762254
22578635,22658893
6557416,6669731
12194649,12282448
4162703,4308177
3569732,3647958
3880584,4007300
4107383,4221571
3688452,3766214
4196763,4316710
12687451,12861005
12967960,13032921
20512492,20596106
16443910,16573580
24021664,24103718
3787485,3891382
4438227,4646560
4132735,4251540
3897604,4029487
4299143,4418701
3743370,3820387
3667402,3740161
8047642,8114801
4361879,4441396
15194298,15257411
6951095,7026487
4012781,4182102
3809668,3891526
3639202,3718069
7573789,7665606
3648311,3717877
5547812,5676717
7570729,7648341
14208590,14295461
15715695,15826966
19933172,20035338
3936418,4088906
3735622,3815528
3517942,3586381
3505753,3582905
3665711,3762554
3771144,3844514
7202915,7383242
4566892,4641683
4175468,4345048
3506782,3615018
3671367,3799545
3497600,3597713
3584336,3668658
3642346,3761641
3704275,3811422
8197015,8322748
6203044,6276483
13968996,14080113
3742690,3864769
7771486,7853941
3857218,3935785
7960400,8032841
14352749,14491554
10744905,10836338
13061546,13567233
9793095,9857517
8998051,9079296
14282663,14367184
3704605,3826499
3598794,3714314
10495988,10581188
7168563,7245637
17675512,17799985
3573781,3671669
3510699,3572823
3732789,3804140
7685707,7750295
4166391,4325606
3588977,3654165
3642987,3707553
6764683,7167692
3648534,3747706
3803758,3914910
3774383,3853203
7693370,7764855
3908497,4013442
3571761,3648544
3750003,3880024
7474232,7543662
11631456,11743212
4053332,4149632
8020243,8089968
3656957,3747880
3758465,3850517
9367665,9442027
13095582,13419338
4538310,4708373
7905216,7978362
4401487,4462182
3922040,4017518
3778595,3908389
7005756,7101511
11064869,11132780
3541415,3608519
8942521,9011869
3843197,3926756
3751737,3823159
12379005,12493597
8608778,8716460
3653395,3728858
7639181,7714948
3778093,3862333
4046371,4141950
6203495,6287158
7120769,7198707
11625813,11693044
3775409,3875411
7300148,7364806
3583552,3658591
7431532,7499376
7368850,7439196
3944200,4076571
3727058,3810518
3923071,4041379
3776966,3857447
7580549,7700601
3624143,3690204
3502296,3581850
3581863,3673846
3651837,3731671
7811763,7874164
3688619,3793169
3698661,3824497
7191569,7348609
6481486,6564635
6273765,6343105
3653635,3729108
3984476,4128324
3698315,3766771
5472810,5612811
12781346,12907951
5074027,5152270
3705260,3798830
3622636,3703452
11715508,11799882
8782550,8862772
3736537,3803573
3751923,3826346
9227610,9398708
11734281,11865868
5840830,5918522
9782594,9852052
3670658,3751431
4884882,5199593
3924967,3995874
7755049,7822240
3793846,3903838
5429932,5821724
8175858,8319786
4179864,4257733
6379328,6447769
3962998,4083655
3628814,3745179
3630860,3714351
7438155,7497448
3867896,3977691
3704038,3782833
3788010,3862368
16509855,16966807
6262126,6383948
7670906,7742300
3482678,3564294
3608191,3673282
7602673,7677991
3654656,3724000
3529294,3606813
3596915,3663452
3627242,3711104
7661896,7770098
7874592,8021243
3622232,3697270
3872256,4014616
9889292,10325755
7454901,7523125
5216766,5300182
8453363,8578346
12272151,12346812
12935280,13401698
4085007,4203589
3957790,4064131
4009904,4154069
3789480,3887001
3842433,3967526
3762857,3871802
3994077,4137881
3962858,4080800
8170655,8276069
3646069,3732664
7607643,7688441
3867346,3979243
4079134,4188487
8317346,8404397
3827278,3904879
3837922,3958764
3534618,3609240
3654850,3736865
7610065,7678013
3523436,3591367
3910112,4057364
3596070,3668987
4060203,4242475
4032164,4196207
3746182,3847283
10218747,10321574
12095439,12198080
3741258,3834257
4209007,4317983
7629327,7820794
4522435,4693617
6306324,6380146
8005533,8074987
4308745,4438320
4126635,4248519
4102199,4228546
4273105,4432859
4153983,4317533
4006985,4123710
8095968,8189942
3601047,3672267
3747099,3821592
10692519,10814276
15870835,15979822
4052748,4168631
3651300,3718338
7562202,7636504
4182041,4342877
4155654,4230502
4308979,4436796
7819401,7889348
12162528,12228702
7084516,7155420
4211596,4282847
7421041,7490297
11518246,11585470
4020184,4114234
4137732,4265801
3760880,3869498
7904679,8024605
12311800,12418097
4296715,4519446
8104048,8456112
9183597,9250846
3566293,3635089
17280674,17352498
3717584,3783582
3645639,3712014
7469953,7542129
4226281,4398427
3829679,3947681
8514513,8639223
4107112,4302632
3749415,3826323
7763736,7837121
3665988,3752291
7805305,7871708
3673263,3773543
7735560,7800300
11431328,11507099
7353766,7503773
7838250,7906118
7743004,7864800
6077717,6149409
4597066,4861273
5521170,5676202
9782796,9847753
13117397,13186620
15884417,15950945
20017681,20103734
3808038,3960033
11471295,11541486
7318788,7388608
16312112,16485124
3779662,3867909
4075678,4200633
3868458,3997988
3848877,3953233
3643379,3714338
9004052,9289178
6101108,6173454
9705300,9808509
13396063,13479287
15592286,15700213
19780993,19881794
3904530,4074613
13746776,13824481
10526569,10600411
9513366,9587013
11514591,11579067
15574827,15645630
23478761,23560178
26230742,26302042
39656377,39724305
15708670,15825484
10762613,10881406
15660147,15747531
23751322,23833813
52163055,52293477
51785902,51849796
73142403,73254764
65167508,65229282
67810220,67974851
65846163,66017335
4207071,4334836
7235553,7341692
8474637,8599007
3768819,3870953
3838045,3945750
3730531,3808049
7837666,10948168
13419217,13533314
3829676,3899718
7727965,7789934
3796625,3862070
3575746,3645103
6878755,6945271
6683196,6747352
3798656,3882596
3423859,3484015
3766057,3928408
8463268,8641481
3897434,3987063
3862818,3971042
3689184,3768871
6656745,6821293
10191135,10388250
23713515,23855548
17370620,17494664
24599241,24733433
38081271,38217749
34335772,34506981
28370022,28543695
33488894,33632901
13731010,13942556
12890247,13125924
16516357,16634947
17907697,18019059
30203660,30332205
26130838,26248846
20576093,20693591
15466702,15657567
28077867,28207855
21267591,21507160
27956991,28081605
25384460,25522352
23647027,23764304
31823461,32030732
9633790,9835951
23669481,23858200
34200110,34380276
19391301,19546477
20352991,20479201
21543687,21680962
21739415,22151475
4816831,5026711
27715585,27912901
27376291,27511944
18264037,23064371
45152370,45403001
27359663,38081686
17550999,29014951
8079533,8343131
9422266,9561709
20167760,20317602
15922238,16046249
25241877,25409301
35186302,35350435
34616826,34753092
36377832,36843260
21852337,21991104
28465170,28660782
22198802,22324787
34584588,38963587
27301651,27395129
35100944,35313635
47334109,47442917
47887919,48026243
22085299,22238031
24952986,25087569
30940301,31127116
36500623,36661360
32883842,32981475
33437216,33573229
34075711,34168132
34143006,34240837
5144177,5319365
19154030,19384288
31053168,31151502
31647543,31787655
28169164,28286168
26549876,26689307
32020505,32189525
33686800,33919885
9979198,10044096
23628014,23701339
36418706,36489205
9573105,9736707
3897182,4007496
8032509,8117590
3585183,3677914
3810441,3907615
4686980,4870775
7221949,7390863
